#timestep  time            dt               CD_p             CD_f             CL_p
        0  1.50000000e+02  1.00000000e-03   2.86656697e-02   2.36423359e-02   4.04540854e-01
       25  1.50025000e+02  1.00000000e-03   2.84753351e-02   2.37038362e-02   4.02939176e-01
       50  1.50050000e+02  1.00000000e-03   2.82751623e-02   2.37623255e-02   4.01220578e-01
       75  1.50075000e+02  1.00000000e-03   2.80658656e-02   2.38174850e-02   3.99391016e-01
      100  1.50100000e+02  1.00000000e-03   2.78487130e-02   2.38690068e-02   3.97459265e-01
      125  1.50125000e+02  1.00000000e-03   2.76249262e-02   2.39165944e-02   3.95434138e-01
      150  1.50150000e+02  1.00000000e-03   2.73955379e-02   2.39599519e-02   3.93324254e-01
      175  1.50175000e+02  1.00000000e-03   2.71613594e-02   2.39987678e-02   3.91138297e-01
      200  1.50200000e+02  1.00000000e-03   2.69230225e-02   2.40327179e-02   3.88885397e-01
      225  1.50225000e+02  1.00000000e-03   2.66811186e-02   2.40614704e-02   3.86575762e-01
      250  1.50250000e+02  1.00000000e-03   2.64363588e-02   2.40847133e-02   3.84221147e-01
      275  1.50275000e+02  1.00000000e-03   2.61897384e-02   2.41021819e-02   3.81835211e-01
      300  1.50300000e+02  1.00000000e-03   2.59426602e-02   2.41136865e-02   3.79433659e-01
      325  1.50325000e+02  1.00000000e-03   2.56969505e-02   2.41191341e-02   3.77033982e-01
      350  1.50350000e+02  1.00000000e-03   2.54547737e-02   2.41185342e-02   3.74654927e-01
      375  1.50375000e+02  1.00000000e-03   2.52184619e-02   2.41119929e-02   3.72315792e-01
      400  1.50400000e+02  1.00000000e-03   2.49903267e-02   2.40996960e-02   3.70035726e-01
      425  1.50425000e+02  1.00000000e-03   2.47725017e-02   2.40818859e-02   3.67833122e-01
      450  1.50450000e+02  1.00000000e-03   2.45668509e-02   2.40588287e-02   3.65725141e-01
      475  1.50475000e+02  1.00000000e-03   2.43749878e-02   2.40307880e-02   3.63727624e-01
      500  1.50500000e+02  1.00000000e-03   2.41983302e-02   2.39980084e-02   3.61855075e-01
      525  1.50525000e+02  1.00000000e-03   2.40381797e-02   2.39607164e-02   3.60120749e-01
      550  1.50550000e+02  1.00000000e-03   2.38957596e-02   2.39191323e-02   3.58536712e-01
      575  1.50575000e+02  1.00000000e-03   2.37722154e-02   2.38734848e-02   3.57113903e-01
      600  1.50600000e+02  1.00000000e-03   2.36685695e-02   2.38240214e-02   3.55862109e-01
      625  1.50625000e+02  1.00000000e-03   2.35857247e-02   2.37710191e-02   3.54790137e-01
      650  1.50650000e+02  1.00000000e-03   2.35244383e-02   2.37147732e-02   3.53905645e-01
      675  1.50675000e+02  1.00000000e-03   2.34853866e-02   2.36556062e-02   3.53215293e-01
      700  1.50700000e+02  1.00000000e-03   2.34691478e-02   2.35938540e-02   3.52724480e-01
      725  1.50725000e+02  1.00000000e-03   2.34761691e-02   2.35298702e-02   3.52437235e-01
      750  1.50750000e+02  1.00000000e-03   2.35066540e-02   2.34640090e-02   3.52355928e-01
      775  1.50775000e+02  1.00000000e-03   2.35604753e-02   2.33966269e-02   3.52481250e-01
      800  1.50800000e+02  1.00000000e-03   2.36371019e-02   2.33280761e-02   3.52812167e-01
      825  1.50825000e+02  1.00000000e-03   2.37356796e-02   2.32587258e-02   3.53346370e-01
      850  1.50850000e+02  1.00000000e-03   2.38551184e-02   2.31889763e-02   3.54080479e-01
      875  1.50875000e+02  1.00000000e-03   2.39942424e-02   2.31192723e-02   3.55010324e-01
      900  1.50900000e+02  1.00000000e-03   2.41519309e-02   2.30501109e-02   3.56131064e-01
      925  1.50925000e+02  1.00000000e-03   2.43271467e-02   2.29820202e-02   3.57436818e-01
      950  1.50950000e+02  1.00000000e-03   2.45188604e-02   2.29155325e-02   3.58920107e-01
      975  1.50975000e+02  1.00000000e-03   2.47259057e-02   2.28511485e-02   3.60571324e-01
     1000  1.51000000e+02  1.00000000e-03   2.49468466e-02   2.27893161e-02   3.62378545e-01
     1025  1.51025000e+02  1.00000000e-03   2.51799532e-02   2.27304279e-02   3.64327887e-01
     1050  1.51050000e+02  1.00000000e-03   2.54233043e-02   2.26748409e-02   3.66404290e-01
     1075  1.51075000e+02  1.00000000e-03   2.56749051e-02   2.26228980e-02   3.68592059e-01
     1100  1.51100000e+02  1.00000000e-03   2.59328124e-02   2.25749385e-02   3.70875309e-01
     1125  1.51125000e+02  1.00000000e-03   2.61951913e-02   2.25312976e-02   3.73237978e-01
     1150  1.51150000e+02  1.00000000e-03   2.64603907e-02   2.24922773e-02   3.75664232e-01
     1175  1.51175000e+02  1.00000000e-03   2.67267506e-02   2.24581539e-02   3.78137442e-01
     1200  1.51200000e+02  1.00000000e-03   2.69925510e-02   2.24291635e-02   3.80640195e-01
     1225  1.51225000e+02  1.00000000e-03   2.72559343e-02   2.24055166e-02   3.83154253e-01
     1250  1.51250000e+02  1.00000000e-03   2.75149451e-02   2.23873939e-02   3.85661081e-01
     1275  1.51275000e+02  1.00000000e-03   2.77676231e-02   2.23749663e-02   3.88142444e-01
     1300  1.51300000e+02  1.00000000e-03   2.80121031e-02   2.23684137e-02   3.90580820e-01
     1325  1.51325000e+02  1.00000000e-03   2.82466612e-02   2.23679174e-02   3.92959475e-01
     1350  1.51350000e+02  1.00000000e-03   2.84696869e-02   2.23736235e-02   3.95262170e-01
     1375  1.51375000e+02  1.00000000e-03   2.86796308e-02   2.23855930e-02   3.97472863e-01
     1400  1.51400000e+02  1.00000000e-03   2.88749866e-02   2.24037729e-02   3.99575667e-01
     1425  1.51425000e+02  1.00000000e-03   2.90543367e-02   2.24280062e-02   4.01555206e-01
     1450  1.51450000e+02  1.00000000e-03   2.92164251e-02   2.24580670e-02   4.03397131e-01
     1475  1.51475000e+02  1.00000000e-03   2.93602190e-02   2.24936983e-02   4.05088593e-01
     1500  1.51500000e+02  1.00000000e-03   2.94849170e-02   2.25346317e-02   4.06618478e-01
     1525  1.51525000e+02  1.00000000e-03   2.95899300e-02   2.25805887e-02   4.07977464e-01
     1550  1.51550000e+02  1.00000000e-03   2.96748478e-02   2.26312674e-02   4.09157920e-01
     1575  1.51575000e+02  1.00000000e-03   2.97394203e-02   2.26863205e-02   4.10153781e-01
     1600  1.51600000e+02  1.00000000e-03   2.97836040e-02   2.27453247e-02   4.10960805e-01
     1625  1.51625000e+02  1.00000000e-03   2.98074511e-02   2.28077325e-02   4.11576006e-01
     1650  1.51650000e+02  1.00000000e-03   2.98110067e-02   2.28729691e-02   4.11996877e-01
     1675  1.51675000e+02  1.00000000e-03   2.97945779e-02   2.29403715e-02   4.12223364e-01
     1700  1.51700000e+02  1.00000000e-03   2.97585150e-02   2.30093477e-02   4.12256359e-01
     1725  1.51725000e+02  1.00000000e-03   2.97034438e-02   2.30793724e-02   4.12099208e-01
     1750  1.51750000e+02  1.00000000e-03   2.96299932e-02   2.31500410e-02   4.11755897e-01
     1775  1.51775000e+02  1.00000000e-03   2.95391510e-02   2.32209606e-02   4.11233020e-01
     1800  1.51800000e+02  1.00000000e-03   2.94318974e-02   2.32917746e-02   4.10537556e-01
     1825  1.51825000e+02  1.00000000e-03   2.93092052e-02   2.33621193e-02   4.09676847e-01
     1850  1.51850000e+02  1.00000000e-03   2.91719787e-02   2.34315950e-02   4.08658338e-01
     1875  1.51875000e+02  1.00000000e-03   2.90209464e-02   2.34997863e-02   4.07488815e-01
     1900  1.51900000e+02  1.00000000e-03   2.88568135e-02   2.35662648e-02   4.06175265e-01
     1925  1.51925000e+02  1.00000000e-03   2.86803049e-02   2.36306018e-02   4.04724870e-01
     1950  1.51950000e+02  1.00000000e-03   2.84922730e-02   2.36923863e-02   4.03145311e-01
     1975  1.51975000e+02  1.00000000e-03   2.82937567e-02   2.37512381e-02   4.01444872e-01
     2000  1.52000000e+02  1.00000000e-03   2.80859619e-02   2.38068146e-02   3.99632267e-01
     2025  1.52025000e+02  1.00000000e-03   2.78701535e-02   2.38588055e-02   3.97716244e-01
     2050  1.52050000e+02  1.00000000e-03   2.76475641e-02   2.39069147e-02   3.95705596e-01
     2075  1.52075000e+02  1.00000000e-03   2.74192546e-02   2.39508479e-02   3.93608959e-01
     2100  1.52100000e+02  1.00000000e-03   2.71860624e-02   2.39902975e-02   3.91434971e-01
     2125  1.52125000e+02  1.00000000e-03   2.69486343e-02   2.40249410e-02   3.89192657e-01
     2150  1.52150000e+02  1.00000000e-03   2.67075542e-02   2.40544474e-02   3.86892026e-01
     2175  1.52175000e+02  1.00000000e-03   2.64635037e-02   2.40785004e-02   3.84544578e-01
     2200  1.52200000e+02  1.00000000e-03   2.62174278e-02   2.40968276e-02   3.82163676e-01
     2225  1.52225000e+02  1.00000000e-03   2.59706635e-02   2.41092270e-02   3.79764712e-01
     2250  1.52250000e+02  1.00000000e-03   2.57249782e-02   2.41155918e-02   3.77364935e-01
     2275  1.52275000e+02  1.00000000e-03   2.54824915e-02   2.41159169e-02   3.74982926e-01
     2300  1.52300000e+02  1.00000000e-03   2.52455164e-02   2.41102943e-02   3.72637923e-01
     2325  1.52325000e+02  1.00000000e-03   2.50163712e-02   2.40988991e-02   3.70349120e-01
     2350  1.52350000e+02  1.00000000e-03   2.47972148e-02   2.40819657e-02   3.68135033e-01
     2375  1.52375000e+02  1.00000000e-03   2.45899434e-02   2.40597570e-02   3.66012999e-01
     2400  1.52400000e+02  1.00000000e-03   2.43961993e-02   2.40325364e-02   3.63999048e-01
     2425  1.52425000e+02  1.00000000e-03   2.42174179e-02   2.40005494e-02   3.62107857e-01
     2450  1.52450000e+02  1.00000000e-03   2.40549153e-02   2.39640246e-02   3.60352867e-01
     2475  1.52475000e+02  1.00000000e-03   2.39099227e-02   2.39231805e-02   3.58746302e-01
     2500  1.52500000e+02  1.00000000e-03   2.37836003e-02   2.38782429e-02   3.57299273e-01
     2525  1.52525000e+02  1.00000000e-03   2.36769928e-02   2.38294549e-02   3.56021739e-01
     2550  1.52550000e+02  1.00000000e-03   2.35910210e-02   2.37770879e-02   3.54922649e-01
     2575  1.52575000e+02  1.00000000e-03   2.35264655e-02   2.37214321e-02   3.54009842e-01
     2600  1.52600000e+02  1.00000000e-03   2.34840164e-02   2.36628049e-02   3.53290139e-01
     2625  1.52625000e+02  1.00000000e-03   2.34642738e-02   2.36015385e-02   3.52769157e-01
     2650  1.52650000e+02  1.00000000e-03   2.34677082e-02   2.35379818e-02   3.52451129e-01
     2675  1.52675000e+02  1.00000000e-03   2.34945703e-02   2.34724875e-02   3.52338691e-01
     2700  1.52700000e+02  1.00000000e-03   2.35447894e-02   2.34054119e-02   3.52432794e-01
     2725  1.52725000e+02  1.00000000e-03   2.36178919e-02   2.33371041e-02   3.52732632e-01
     2750  1.52750000e+02  1.00000000e-03   2.37130740e-02   2.32679312e-02   3.53236098e-01
     2775  1.52775000e+02  1.00000000e-03   2.38292745e-02   2.31982865e-02   3.53939952e-01
     2800  1.52800000e+02  1.00000000e-03   2.39653306e-02   2.31286080e-02   3.54840160e-01
     2825  1.52825000e+02  1.00000000e-03   2.41201133e-02   2.30593855e-02   3.55931998e-01
     2850  1.52850000e+02  1.00000000e-03   2.42925843e-02   2.29911445e-02   3.57209790e-01
     2875  1.52875000e+02  1.00000000e-03   2.44817247e-02   2.29244181e-02   3.58666330e-01
     2900  1.52900000e+02  1.00000000e-03   2.46864037e-02   2.28597141e-02   3.60292359e-01
     2925  1.52925000e+02  1.00000000e-03   2.49052320e-02   2.27974889e-02   3.62076288e-01
     2950  1.52950000e+02  1.00000000e-03   2.51365218e-02   2.27381431e-02   3.64004488e-01
     2975  1.52975000e+02  1.00000000e-03   2.53783740e-02   2.26820386e-02   3.66062034e-01
     3000  1.53000000e+02  1.00000000e-03   2.56287979e-02   2.26295200e-02   3.68233303e-01
     3025  1.53025000e+02  1.00000000e-03   2.58858389e-02   2.25809280e-02   3.70502436e-01
     3050  1.53050000e+02  1.00000000e-03   2.61476411e-02   2.25366001e-02   3.72853380e-01
     3075  1.53075000e+02  1.00000000e-03   2.64125340e-02   2.24968451e-02   3.75270312e-01
     3100  1.53100000e+02  1.00000000e-03   2.66788640e-02   2.24619443e-02   3.77736749e-01
     3125  1.53125000e+02  1.00000000e-03   2.69449263e-02   2.24321395e-02   3.80235423e-01
     3150  1.53150000e+02  1.00000000e-03   2.72088833e-02   2.24076462e-02   3.82748214e-01
     3175  1.53175000e+02  1.00000000e-03   2.74687875e-02   2.23886495e-02   3.85256607e-01
     3200  1.53200000e+02  1.00000000e-03   2.77226697e-02   2.23753201e-02   3.87742299e-01
     3225  1.53225000e+02  1.00000000e-03   2.79686409e-02   2.23678360e-02   3.90187656e-01
     3250  1.53250000e+02  1.00000000e-03   2.82049506e-02   2.23663795e-02   3.92575842e-01
     3275  1.53275000e+02  1.00000000e-03   2.84299693e-02   2.23711053e-02   3.94890583e-01
     3300  1.53300000e+02  1.00000000e-03   2.86421381e-02   2.23820907e-02   3.97115841e-01
     3325  1.53325000e+02  1.00000000e-03   2.88399419e-02   2.23993012e-02   3.99235715e-01
     3350  1.53350000e+02  1.00000000e-03   2.90219454e-02   2.24225950e-02   4.01234736e-01
     3375  1.53375000e+02  1.00000000e-03   2.91868631e-02   2.24517551e-02   4.03098372e-01
     3400  1.53400000e+02  1.00000000e-03   2.93336254e-02   2.24865278e-02   4.04813523e-01
     3425  1.53425000e+02  1.00000000e-03   2.94613941e-02   2.25266463e-02   4.06368797e-01
     3450  1.53450000e+02  1.00000000e-03   2.95695465e-02   2.25718337e-02   4.07754594e-01
     3475  1.53475000e+02  1.00000000e-03   2.96576423e-02   2.26217927e-02   4.08963019e-01
     3500  1.53500000e+02  1.00000000e-03   2.97254070e-02   2.26761837e-02   4.09987783e-01
     3525  1.53525000e+02  1.00000000e-03   2.97727486e-02   2.27346007e-02   4.10824263e-01
     3550  1.53550000e+02  1.00000000e-03   2.97997497e-02   2.27965072e-02   4.11469564e-01
     3575  1.53575000e+02  1.00000000e-03   2.98064086e-02   2.28613397e-02   4.11920781e-01
     3600  1.53600000e+02  1.00000000e-03   2.97930309e-02   2.29284390e-02   4.12177712e-01
     3625  1.53625000e+02  1.00000000e-03   2.97599388e-02   2.29971994e-02   4.12240948e-01
     3650  1.53650000e+02  1.00000000e-03   2.97077161e-02   2.30670828e-02   4.12113446e-01
     3675  1.53675000e+02  1.00000000e-03   2.96370049e-02   2.31376665e-02   4.11799187e-01
     3700  1.53700000e+02  1.00000000e-03   2.95487319e-02   2.32085597e-02   4.11304288e-01
     3725  1.53725000e+02  1.00000000e-03   2.94438999e-02   2.32794004e-02   4.10635778e-01
     3750  1.53750000e+02  1.00000000e-03   2.93234915e-02   2.33498296e-02   4.09800937e-01
     3775  1.53775000e+02  1.00000000e-03   2.91884414e-02   2.34194536e-02   4.08807269e-01
     3800  1.53800000e+02  1.00000000e-03   2.90395048e-02   2.34878585e-02   4.07661609e-01
     3825  1.53825000e+02  1.00000000e-03   2.88773902e-02   2.35546191e-02   4.06370874e-01
     3850  1.53850000e+02  1.00000000e-03   2.87028225e-02   2.36193055e-02   4.04942211e-01
     3875  1.53875000e+02  1.00000000e-03   2.85166298e-02   2.36815047e-02   4.03383176e-01
     3900  1.53900000e+02  1.00000000e-03   2.83198216e-02   2.37408309e-02   4.01701937e-01
     3925  1.53925000e+02  1.00000000e-03   2.81135851e-02   2.37969372e-02   3.99907161e-01
     3950  1.53950000e+02  1.00000000e-03   2.78991753e-02   2.38495095e-02   3.98007562e-01
     3975  1.53975000e+02  1.00000000e-03   2.76778313e-02   2.38982517e-02   3.96011916e-01
     4000  1.54000000e+02  1.00000000e-03   2.74506396e-02   2.39428703e-02   3.93928880e-01
     4025  1.54025000e+02  1.00000000e-03   2.72184625e-02   2.39830617e-02   3.91767058e-01
     4050  1.54050000e+02  1.00000000e-03   2.69819625e-02   2.40185057e-02   3.89535379e-01
     4075  1.54075000e+02  1.00000000e-03   2.67417155e-02   2.40488723e-02   3.87243655e-01
     4100  1.54100000e+02  1.00000000e-03   2.64983704e-02   2.40738404e-02   3.84903117e-01
     4125  1.54125000e+02  1.00000000e-03   2.62528150e-02   2.40931283e-02   3.82526807e-01
     4150  1.54150000e+02  1.00000000e-03   2.60063149e-02   2.41065207e-02   3.80129783e-01
     4175  1.54175000e+02  1.00000000e-03   2.57605696e-02   2.41138943e-02   3.77729024e-01
     4200  1.54200000e+02  1.00000000e-03   2.55176471e-02   2.41152273e-02   3.75342930e-01
     4225  1.54225000e+02  1.00000000e-03   2.52798396e-02   2.41105958e-02   3.72990678e-01
     4250  1.54250000e+02  1.00000000e-03   2.50494745e-02   2.41001630e-02   3.70691519e-01
     4275  1.54275000e+02  1.00000000e-03   2.48287415e-02   2.40841543e-02   3.68464120e-01
     4300  1.54300000e+02  1.00000000e-03   2.46195805e-02   2.40628295e-02   3.66326035e-01
     4325  1.54325000e+02  1.00000000e-03   2.44236716e-02   2.40364531e-02   3.64293519e-01
     4350  1.54350000e+02  1.00000000e-03   2.42424771e-02   2.40052728e-02   3.62381456e-01
     4375  1.54375000e+02  1.00000000e-03   2.40773327e-02   2.39695205e-02   3.60603503e-01
     4400  1.54400000e+02  1.00000000e-03   2.39294803e-02   2.39294140e-02   3.58972062e-01
     4425  1.54425000e+02  1.00000000e-03   2.38000968e-02   2.38851772e-02   3.57498432e-01
     4450  1.54450000e+02  1.00000000e-03   2.36902505e-02   2.38370497e-02   3.56192760e-01
     4475  1.54475000e+02  1.00000000e-03   2.36008805e-02   2.37852958e-02   3.55064145e-01
     4500  1.54500000e+02  1.00000000e-03   2.35327936e-02   2.37302022e-02   3.54120623e-01
     4525  1.54525000e+02  1.00000000e-03   2.34866917e-02   2.36720808e-02   3.53369185e-01
     4550  1.54550000e+02  1.00000000e-03   2.34631947e-02   2.36112607e-02   3.52815675e-01
     4575  1.54575000e+02  1.00000000e-03   2.34627951e-02   2.35480859e-02   3.52464549e-01
     4600  1.54600000e+02  1.00000000e-03   2.34857918e-02   2.34829092e-02   3.52318740e-01
     4625  1.54625000e+02  1.00000000e-03   2.35321720e-02   2.34160862e-02   3.52379476e-01
     4650  1.54650000e+02  1.00000000e-03   2.36015290e-02   2.33479648e-02   3.52646217e-01
     4675  1.54675000e+02  1.00000000e-03   2.36931144e-02   2.32789102e-02   3.53117073e-01
     4700  1.54700000e+02  1.00000000e-03   2.38059023e-02   2.32093090e-02   3.53788964e-01
     4725  1.54725000e+02  1.00000000e-03   2.39387466e-02   2.31395927e-02   3.54658000e-01
     4750  1.54750000e+02  1.00000000e-03   2.40905094e-02   2.30702431e-02   3.55719570e-01
     4775  1.54775000e+02  1.00000000e-03   2.42601474e-02   2.30017826e-02   3.56968205e-01
     4800  1.54800000e+02  1.00000000e-03   2.44466490e-02   2.29347458e-02   3.58396982e-01
     4825  1.54825000e+02  1.00000000e-03   2.46489174e-02   2.28696475e-02   3.59997013e-01
     4850  1.54850000e+02  1.00000000e-03   2.48656126e-02   2.28069544e-02   3.61757077e-01
     4875  1.54875000e+02  1.00000000e-03   2.50950943e-02   2.27470763e-02   3.63663830e-01
     4900  1.54900000e+02  1.00000000e-03   2.53354887e-02   2.26903811e-02   3.65702497e-01
     4925  1.54925000e+02  1.00000000e-03   2.55848108e-02   2.26372158e-02   3.67857527e-01
     4950  1.54950000e+02  1.00000000e-03   2.58410917e-02   2.25879225e-02   3.70113068e-01
     4975  1.54975000e+02  1.00000000e-03   2.61024519e-02   2.25428402e-02   3.72453071e-01
     5000  1.55000000e+02  1.00000000e-03   2.63671919e-02   2.25022867e-02   3.74861670e-01
     5025  1.55025000e+02  1.00000000e-03   2.66336627e-02   2.24665463e-02   3.77322529e-01
     5050  1.55050000e+02  1.00000000e-03   2.69001708e-02   2.24358683e-02   3.79818497e-01
     5075  1.55075000e+02  1.00000000e-03   2.71648998e-02   2.24104731e-02   3.82331575e-01
     5100  1.55100000e+02  1.00000000e-03   2.74259119e-02   2.23905508e-02   3.84843257e-01
     5125  1.55125000e+02  1.00000000e-03   2.76812305e-02   2.23762731e-02   3.87335158e-01
     5150  1.55150000e+02  1.00000000e-03   2.79289415e-02   2.23678159e-02   3.89789497e-01
     5175  1.55175000e+02  1.00000000e-03   2.81672633e-02   2.23653623e-02   3.92189300e-01
     5200  1.55200000e+02  1.00000000e-03   2.83945418e-02   2.23690746e-02   3.94518217e-01
     5225  1.55225000e+02  1.00000000e-03   2.86092031e-02   2.23790468e-02   3.96760186e-01
     5250  1.55250000e+02  1.00000000e-03   2.88097193e-02   2.23952643e-02   3.98899274e-01
     5275  1.55275000e+02  1.00000000e-03   2.89946346e-02   2.24176023e-02   4.00919912e-01
     5300  1.55300000e+02  1.00000000e-03   2.91626309e-02   2.24458538e-02   4.02807372e-01
     5325  1.55325000e+02  1.00000000e-03   2.93125985e-02   2.24797690e-02   4.04548288e-01
     5350  1.55350000e+02  1.00000000e-03   2.94436592e-02   2.25190825e-02   4.06130964e-01
     5375  1.55375000e+02  1.00000000e-03   2.95551557e-02   2.25635185e-02   4.07545503e-01
     5400  1.55400000e+02  1.00000000e-03   2.96466170e-02   2.26127838e-02   4.08783724e-01
     5425  1.55425000e+02  1.00000000e-03   2.97177431e-02   2.26665458e-02   4.09839091e-01
     5450  1.55450000e+02  1.00000000e-03   2.97683954e-02   2.27244134e-02   4.10706605e-01
     5475  1.55475000e+02  1.00000000e-03   2.97986784e-02   2.27858662e-02   4.11383397e-01
     5500  1.55500000e+02  1.00000000e-03   2.98085551e-02   2.28503465e-02   4.11866250e-01
     5525  1.55525000e+02  1.00000000e-03   2.97983179e-02   2.29172055e-02   4.12154724e-01
     5550  1.55550000e+02  1.00000000e-03   2.97682713e-02   2.29858202e-02   4.12249183e-01
     5575  1.55575000e+02  1.00000000e-03   2.97189509e-02   2.30556412e-02   4.12152146e-01
     5600  1.55600000e+02  1.00000000e-03   2.96510280e-02   2.31262190e-02   4.11867674e-01
     5625  1.55625000e+02  1.00000000e-03   2.95653483e-02   2.31971685e-02   4.11401293e-01
     5650  1.55650000e+02  1.00000000e-03   2.94629435e-02   2.32681193e-02   4.10760121e-01
     5675  1.55675000e+02  1.00000000e-03   2.93448064e-02   2.33387150e-02   4.09951391e-01
     5700  1.55700000e+02  1.00000000e-03   2.92118976e-02   2.34085690e-02   4.08982641e-01
     5725  1.55725000e+02  1.00000000e-03   2.90650066e-02   2.34772686e-02   4.07860819e-01
     5750  1.55750000e+02  1.00000000e-03   2.89048467e-02   2.35443914e-02   4.06592783e-01
     5775  1.55775000e+02  1.00000000e-03   2.87321430e-02   2.36095069e-02   4.05185657e-01
     5800  1.55800000e+02  1.00000000e-03   2.85476982e-02   2.36721991e-02   4.03646880e-01
     5825  1.55825000e+02  1.00000000e-03   2.83524906e-02   2.37320761e-02   4.01984509e-01
     5850  1.55850000e+02  1.00000000e-03   2.81476826e-02   2.37887853e-02   4.00207151e-01
     5875  1.55875000e+02  1.00000000e-03   2.79345183e-02   2.38420075e-02   3.98323497e-01
     5900  1.55900000e+02  1.00000000e-03   2.77142421e-02   2.38914448e-02   3.96342311e-01
     5925  1.55925000e+02  1.00000000e-03   2.74879699e-02   2.39368046e-02   3.94272284e-01
     5950  1.55950000e+02  1.00000000e-03   2.72565938e-02   2.39777858e-02   3.92121997e-01
     5975  1.55975000e+02  1.00000000e-03   2.70208003e-02   2.40140713e-02   3.89900306e-01
     6000  1.56000000e+02  1.00000000e-03   2.67811639e-02   2.40453318e-02   3.87616833e-01
     6025  1.56025000e+02  1.00000000e-03   2.65383064e-02   2.40712422e-02   3.85282549e-01
     6050  1.56050000e+02  1.00000000e-03   2.62930616e-02   2.40915115e-02   3.82910170e-01
     6075  1.56075000e+02  1.00000000e-03   2.60466241e-02   2.41059111e-02   3.80514422e-01
     6100  1.56100000e+02  1.00000000e-03   2.58006220e-02   2.41142997e-02   3.78111994e-01
     6125  1.56125000e+02  1.00000000e-03   2.55570694e-02   2.41166384e-02   3.75721093e-01
     6150  1.56150000e+02  1.00000000e-03   2.53182348e-02   2.41129865e-02   3.73360831e-01
     6175  1.56175000e+02  1.00000000e-03   2.50864562e-02   2.41034951e-02   3.71050518e-01
     6200  1.56200000e+02  1.00000000e-03   2.48639567e-02   2.40883799e-02   3.68808974e-01
     6225  1.56225000e+02  1.00000000e-03   2.46527252e-02   2.40678984e-02   3.66653987e-01
     6250  1.56250000e+02  1.00000000e-03   2.44544860e-02   2.40423166e-02   3.64602054e-01
     6275  1.56275000e+02  1.00000000e-03   2.42707347e-02   2.40118862e-02   3.62668295e-01
     6300  1.56300000e+02  1.00000000e-03   2.41028278e-02   2.39768430e-02   3.60866590e-01
     6325  1.56325000e+02  1.00000000e-03   2.39520205e-02   2.39374062e-02   3.59209538e-01
     6350  1.56350000e+02  1.00000000e-03   2.38195048e-02   2.38937984e-02   3.57708632e-01
     6375  1.56375000e+02  1.00000000e-03   2.37063710e-02   2.38462565e-02   3.56374218e-01
     6400  1.56400000e+02  1.00000000e-03   2.36135762e-02   2.37950389e-02   3.55215545e-01
     6425  1.56425000e+02  1.00000000e-03   2.35419532e-02   2.37404300e-02   3.54240856e-01
     6450  1.56450000e+02  1.00000000e-03   2.34922140e-02   2.36827365e-02   3.53457307e-01
     6475  1.56475000e+02  1.00000000e-03   2.34649939e-02   2.36222855e-02   3.52870962e-01
     6500  1.56500000e+02  1.00000000e-03   2.34608060e-02   2.35594176e-02   3.52486508e-01
     6525  1.56525000e+02  1.00000000e-03   2.34799928e-02   2.34944861e-02   3.52307175e-01
     6550  1.56550000e+02  1.00000000e-03   2.35225968e-02   2.34278465e-02   3.52334467e-01
     6575  1.56575000e+02  1.00000000e-03   2.35882817e-02   2.33598476e-02   3.52568138e-01
     6600  1.56600000e+02  1.00000000e-03   2.36763531e-02   2.32908522e-02   3.53006506e-01
     6625  1.56625000e+02  1.00000000e-03   2.37858245e-02   2.32212414e-02   3.53646658e-01
     6650  1.56650000e+02  1.00000000e-03   2.39155650e-02   2.31514403e-02   3.54484836e-01
     6675  1.56675000e+02  1.00000000e-03   2.40644263e-02   2.30819220e-02   3.55516533e-01
     6700  1.56700000e+02  1.00000000e-03   2.42313536e-02   2.30132056e-02   3.56736462e-01
     6725  1.56725000e+02  1.00000000e-03   2.44153359e-02   2.29458260e-02   3.58137967e-01
     6750  1.56750000e+02  1.00000000e-03   2.46153033e-02   2.28803052e-02   3.59712521e-01
     6775  1.56775000e+02  1.00000000e-03   2.48299619e-02   2.28171194e-02   3.61449276e-01
     6800  1.56800000e+02  1.00000000e-03   2.50577198e-02   2.27566885e-02   3.63335191e-01
     6825  1.56825000e+02  1.00000000e-03   2.52967309e-02   2.26993868e-02   3.65355651e-01
     6850  1.56850000e+02  1.00000000e-03   2.55450174e-02   2.26455638e-02   3.67495178e-01
     6875  1.56875000e+02  1.00000000e-03   2.58005958e-02   2.25955627e-02   3.69737916e-01
     6900  1.56900000e+02  1.00000000e-03   2.60615665e-02   2.25497236e-02   3.72067831e-01
     6925  1.56925000e+02  1.00000000e-03   2.63261874e-02   2.25083717e-02   3.74468941e-01
     6950  1.56950000e+02  1.00000000e-03   2.65928195e-02   2.24717948e-02   3.76925079e-01
     6975  1.56975000e+02  1.00000000e-03   2.68597744e-02   2.24402500e-02   3.79419182e-01
     7000  1.57000000e+02  1.00000000e-03   2.71252582e-02   2.24139618e-02   3.81933361e-01
     7025  1.57025000e+02  1.00000000e-03   2.73873466e-02   2.23931255e-02   3.84449127e-01
     7050  1.57050000e+02  1.00000000e-03   2.76440599e-02   2.23779145e-02   3.86948010e-01
     7075  1.57075000e+02  1.00000000e-03   2.78934637e-02   2.23685029e-02   3.89412077e-01
     7100  1.57100000e+02  1.00000000e-03   2.81337476e-02   2.23650738e-02   3.91824194e-01
     7125  1.57125000e+02  1.00000000e-03   2.83632342e-02   2.23677963e-02   3.94167911e-01
     7150  1.57150000e+02  1.00000000e-03   2.85803342e-02   2.23767793e-02   3.96427117e-01
     7175  1.57175000e+02  1.00000000e-03   2.87835075e-02   2.23920280e-02   3.98585839e-01
     7200  1.57200000e+02  1.00000000e-03   2.89712787e-02   2.24134346e-02   4.00628410e-01
     7225  1.57225000e+02  1.00000000e-03   2.91422991e-02   2.24408031e-02   4.02539915e-01
     7250  1.57250000e+02  1.00000000e-03   2.92954193e-02   2.24738880e-02   4.04306725e-01
     7275  1.57275000e+02  1.00000000e-03   2.94297228e-02   2.25124249e-02   4.05916853e-01
     7300  1.57300000e+02  1.00000000e-03   2.95445177e-02   2.25561389e-02   4.07360098e-01
     7325  1.57325000e+02  1.00000000e-03   2.96393057e-02   2.26047398e-02   4.08628006e-01
     7350  1.57350000e+02  1.00000000e-03   2.97137611e-02   2.26579019e-02   4.09713783e-01
     7375  1.57375000e+02  1.00000000e-03   2.97677072e-02   2.27152443e-02   4.10612106e-01
     7400  1.57400000e+02  1.00000000e-03   2.98012516e-02   2.27762709e-02   4.11320002e-01
     7425  1.57425000e+02  1.00000000e-03   2.98143449e-02   2.28404204e-02   4.11834118e-01
     7450  1.57450000e+02  1.00000000e-03   2.98072418e-02   2.29070625e-02   4.12153624e-01
     7475  1.57475000e+02  1.00000000e-03   2.97802461e-02   2.29755556e-02   4.12278782e-01
     7500  1.57500000e+02  1.00000000e-03   2.97338438e-02   2.30453388e-02   4.12211679e-01
     7525  1.57525000e+02  1.00000000e-03   2.96687245e-02   2.31159383e-02   4.11956394e-01
     7550  1.57550000e+02  1.00000000e-03   2.95856593e-02   2.31869701e-02   4.11517923e-01
     7575  1.57575000e+02  1.00000000e-03   2.94856972e-02   2.32580559e-02   4.10903427e-01
     7600  1.57600000e+02  1.00000000e-03   2.93698371e-02   2.33288401e-02   4.10120101e-01
     7625  1.57625000e+02  1.00000000e-03   2.92390535e-02   2.33989428e-02   4.09175479e-01
     7650  1.57650000e+02  1.00000000e-03   2.90941727e-02   2.34679530e-02   4.08076660e-01
     7675  1.57675000e+02  1.00000000e-03   2.89359107e-02   2.35354507e-02   4.06830463e-01
     7700  1.57700000e+02  1.00000000e-03   2.87649907e-02   2.36010049e-02   4.05443993e-01
     7725  1.57725000e+02  1.00000000e-03   2.85821926e-02   2.36641965e-02   4.03924600e-01
     7750  1.57750000e+02  1.00000000e-03   2.83884620e-02   2.37246279e-02   4.02280238e-01
     7775  1.57775000e+02  1.00000000e-03   2.81849325e-02   2.37819388e-02   4.00519444e-01
     7800  1.57800000e+02  1.00000000e-03   2.79728404e-02   2.38358051e-02   3.98650912e-01
     7825  1.57825000e+02  1.00000000e-03   2.77534350e-02   2.38859257e-02   3.96683391e-01
     7850  1.57850000e+02  1.00000000e-03   2.75278643e-02   2.39320080e-02   3.94625616e-01
     7875  1.57875000e+02  1.00000000e-03   2.72970581e-02   2.39737536e-02   3.92486169e-01
     7900  1.57900000e+02  1.00000000e-03   2.70617345e-02   2.40108474e-02   3.90273843e-01
     7925  1.57925000e+02  1.00000000e-03   2.68224755e-02   2.40429609e-02   3.87998090e-01
     7950  1.57950000e+02  1.00000000e-03   2.65798872e-02   2.40697670e-02   3.85669648e-01
     7975  1.57975000e+02  1.00000000e-03   2.63347572e-02   2.40909663e-02   3.83300926e-01
     8000  1.58000000e+02  1.00000000e-03   2.60882151e-02   2.41063179e-02   3.80906325e-01
     8025  1.58025000e+02  1.00000000e-03   2.58418193e-02   2.41156636e-02   3.78502243e-01
     8050  1.58050000e+02  1.00000000e-03   2.55975294e-02   2.41189477e-02   3.76106692e-01
     8075  1.58075000e+02  1.00000000e-03   2.53575883e-02   2.41162135e-02   3.73738702e-01
     8100  1.58100000e+02  1.00000000e-03   2.51243404e-02   2.41075997e-02   3.71417631e-01
     8125  1.58125000e+02  1.00000000e-03   2.49000405e-02   2.40933130e-02   3.69162429e-01
     8150  1.58150000e+02  1.00000000e-03   2.46867260e-02   2.40736078e-02   3.66991113e-01
     8175  1.58175000e+02  1.00000000e-03   2.44861659e-02   2.40487521e-02   3.64920413e-01
     8200  1.58200000e+02  1.00000000e-03   2.42998914e-02   2.40190019e-02   3.62965688e-01
     8225  1.58225000e+02  1.00000000e-03   2.41292791e-02   2.39845973e-02   3.61141030e-01
     8250  1.58250000e+02  1.00000000e-03   2.39755979e-02   2.39457596e-02   3.59459243e-01
     8275  1.58275000e+02  1.00000000e-03   2.38400516e-02   2.39027113e-02   3.57932011e-01
     8300  1.58300000e+02  1.00000000e-03   2.37237493e-02   2.38556868e-02   3.56569867e-01
     8325  1.58325000e+02  1.00000000e-03   2.36276666e-02   2.38049401e-02   3.55382219e-01
     8350  1.58350000e+02  1.00000000e-03   2.35526594e-02   2.37507540e-02   3.54377504e-01
     8375  1.58375000e+02  1.00000000e-03   2.34994493e-02   2.36934308e-02   3.53563030e-01
     8400  1.58400000e+02  1.00000000e-03   2.34686841e-02   2.36332963e-02   3.52945064e-01
     8425  1.58425000e+02  1.00000000e-03   2.34608954e-02   2.35706887e-02   3.52528518e-01
     8450  1.58450000e+02  1.00000000e-03   2.34764628e-02   2.35059624e-02   3.52316895e-01
     8475  1.58475000e+02  1.00000000e-03   2.35154795e-02   2.34394725e-02   3.52311964e-01
     8500  1.58500000e+02  1.00000000e-03   2.35776770e-02   2.33715704e-02   3.52513771e-01
     8525  1.58525000e+02  1.00000000e-03   2.36624118e-02   2.33026160e-02   3.52920826e-01
     8550  1.58550000e+02  1.00000000e-03   2.37687373e-02   2.32329862e-02   3.53530385e-01
     8575  1.58575000e+02  1.00000000e-03   2.38955364e-02   2.31630996e-02   3.54338806e-01
     8600  1.58600000e+02  1.00000000e-03   2.40416505e-02   2.30934208e-02   3.55341672e-01
     8625  1.58625000e+02  1.00000000e-03   2.42060083e-02   2.30244644e-02   3.56533847e-01
     8650  1.58650000e+02  1.00000000e-03   2.43875939e-02   2.29567646e-02   3.57908914e-01
     8675  1.58675000e+02  1.00000000e-03   2.45853554e-02   2.28908492e-02   3.59458676e-01
     8700  1.58700000e+02  1.00000000e-03   2.47980399e-02   2.28272031e-02   3.61172644e-01
     8725  1.58725000e+02  1.00000000e-03   2.50241018e-02   2.27662557e-02   3.63038086e-01
     8750  1.58750000e+02  1.00000000e-03   2.52617244e-02   2.27083875e-02   3.65040560e-01
     8775  1.58775000e+02  1.00000000e-03   2.55089402e-02   2.26539503e-02   3.67164668e-01
     8800  1.58800000e+02  1.00000000e-03   2.57637542e-02   2.26032882e-02   3.69394558e-01
     8825  1.58825000e+02  1.00000000e-03   2.60242478e-02   2.25567420e-02   3.71714209e-01
     8850  1.58850000e+02  1.00000000e-03   2.62886415e-02   2.25146421e-02   3.74107550e-01
     8875  1.58875000e+02  1.00000000e-03   2.65552975e-02   2.24772804e-02   3.76558531e-01
     8900  1.58900000e+02  1.00000000e-03   2.68225334e-02   2.24449207e-02   3.79050182e-01
     8925  1.58925000e+02  1.00000000e-03   2.70885772e-02   2.24177913e-02   3.81564728e-01
     8950  1.58950000e+02  1.00000000e-03   2.73515209e-02   2.23960927e-02   3.84083711e-01
     8975  1.58975000e+02  1.00000000e-03   2.76093874e-02   2.23799998e-02   3.86588594e-01
     9000  1.59000000e+02  1.00000000e-03   2.78602276e-02   2.23696858e-02   3.89061310e-01
     9025  1.59025000e+02  1.00000000e-03   2.81022086e-02   2.23653331e-02   3.91484574e-01
     9050  1.59050000e+02  1.00000000e-03   2.83336333e-02   2.23671161e-02   3.93841830e-01
     9075  1.59075000e+02  1.00000000e-03   2.85529002e-02   2.23751566e-02   3.96116913e-01
     9100  1.59100000e+02  1.00000000e-03   2.87584596e-02   2.23894778e-02   3.98293811e-01
     9125  1.59125000e+02  1.00000000e-03   2.89488202e-02   2.24099885e-02   4.00356769e-01
     9150  1.59150000e+02  1.00000000e-03   2.91226066e-02   2.24365035e-02   4.02290711e-01
     9175  1.59175000e+02  1.00000000e-03   2.92786334e-02   2.24687823e-02   4.04081771e-01
     9200  1.59200000e+02  1.00000000e-03   2.94159478e-02   2.25065613e-02   4.05717690e-01
     9225  1.59225000e+02  1.00000000e-03   2.95338260e-02   2.25495665e-02   4.07187987e-01
     9250  1.59250000e+02  1.00000000e-03   2.96317444e-02   2.25975102e-02   4.08483949e-01
     9275  1.59275000e+02  1.00000000e-03   2.97093536e-02   2.26500732e-02   4.09598533e-01
     9300  1.59300000e+02  1.00000000e-03   2.97664539e-02   2.27068830e-02   4.10526186e-01
     9325  1.59325000e+02  1.00000000e-03   2.98031177e-02   2.27674675e-02   4.11263608e-01
     9350  1.59350000e+02  1.00000000e-03   2.98193249e-02   2.28312627e-02   4.11807563e-01
     9375  1.59375000e+02  1.00000000e-03   2.98152659e-02   2.28976561e-02   4.12156696e-01
     9400  1.59400000e+02  1.00000000e-03   2.97912527e-02   2.29659923e-02   4.12311232e-01
     9425  1.59425000e+02  1.00000000e-03   2.97477279e-02   2.30357001e-02   4.12272876e-01
     9450  1.59450000e+02  1.00000000e-03   2.96853829e-02   2.31062843e-02   4.12045629e-01
     9475  1.59475000e+02  1.00000000e-03   2.96049273e-02   2.31773593e-02   4.11634064e-01
     9500  1.59500000e+02  1.00000000e-03   2.95074131e-02   2.32485392e-02   4.11045302e-01
     9525  1.59525000e+02  1.00000000e-03   2.93938392e-02   2.33194690e-02   4.10286498e-01
     9550  1.59550000e+02  1.00000000e-03   2.92651863e-02   2.33897740e-02   4.09365157e-01
     9575  1.59575000e+02  1.00000000e-03   2.91223116e-02   2.34590460e-02   4.08288522e-01
     9600  1.59600000e+02  1.00000000e-03   2.89659339e-02   2.35268668e-02   4.07063388e-01
     9625  1.59625000e+02  1.00000000e-03   2.87967722e-02   2.35928051e-02   4.05696840e-01
     9650  1.59650000e+02  1.00000000e-03   2.86155861e-02   2.36564391e-02   4.04196159e-01
     9675  1.59675000e+02  1.00000000e-03   2.84232909e-02   2.37173659e-02   4.02569213e-01
     9700  1.59700000e+02  1.00000000e-03   2.82209914e-02   2.37752188e-02   4.00824466e-01
     9725  1.59725000e+02  1.00000000e-03   2.80099155e-02   2.38296675e-02   3.98970619e-01
     9750  1.59750000e+02  1.00000000e-03   2.77913184e-02   2.38804080e-02   3.97016416e-01
     9775  1.59775000e+02  1.00000000e-03   2.75663793e-02   2.39271470e-02   3.94970632e-01
     9800  1.59800000e+02  1.00000000e-03   2.73360675e-02   2.39695877e-02   3.92841856e-01
     9825  1.59825000e+02  1.00000000e-03   2.71011374e-02   2.40074172e-02   3.90638835e-01
     9850  1.59850000e+02  1.00000000e-03   2.68621871e-02   2.40403092e-02   3.88370881e-01
     9875  1.59875000e+02  1.00000000e-03   2.66198135e-02   2.40679343e-02   3.86048514e-01
     9900  1.59900000e+02  1.00000000e-03   2.63747680e-02   2.40899874e-02   3.83683864e-01
     9925  1.59925000e+02  1.00000000e-03   2.61281209e-02   2.41062160e-02   3.81291022e-01
     9950  1.59950000e+02  1.00000000e-03   2.58813657e-02   2.41164482e-02   3.78886106e-01
     9975  1.59975000e+02  1.00000000e-03   2.56364076e-02   2.41206119e-02   3.76486925e-01
    10000  1.60000000e+02  1.00000000e-03   2.53954601e-02   2.41187361e-02   3.74112414e-01
    10025  1.60025000e+02  1.00000000e-03   2.51608664e-02   2.41109461e-02   3.71781939e-01
    10050  1.60050000e+02  1.00000000e-03   2.49349086e-02   2.40974408e-02   3.69514564e-01
    10075  1.60075000e+02  1.00000000e-03   2.47196664e-02   2.40784703e-02   3.67328498e-01
    10100  1.60100000e+02  1.00000000e-03   2.45169498e-02   2.40543034e-02   3.65240681e-01
    10125  1.60125000e+02  1.00000000e-03   2.43283246e-02   2.40252004e-02   3.63266695e-01
    10150  1.60150000e+02  1.00000000e-03   2.41551849e-02   2.39914045e-02   3.61420828e-01
    10175  1.60175000e+02  1.00000000e-03   2.39988131e-02   2.39531398e-02   3.59716081e-01
    10200  1.60200000e+02  1.00000000e-03   2.38604223e-02   2.39106285e-02   3.58164314e-01
    10225  1.60225000e+02  1.00000000e-03   2.37411371e-02   2.38641028e-02   3.56776236e-01
    10250  1.60250000e+02  1.00000000e-03   2.36419521e-02   2.38138136e-02   3.55561418e-01
    10275  1.60275000e+02  1.00000000e-03   2.35637435e-02   2.37600416e-02   3.54528467e-01
    10300  1.60300000e+02  1.00000000e-03   2.35072441e-02   2.37030852e-02   3.53684838e-01
    10325  1.60325000e+02  1.00000000e-03   2.34731134e-02   2.36432689e-02   3.53036978e-01
    10350  1.60350000e+02  1.00000000e-03   2.34619010e-02   2.35809295e-02   3.52590011e-01
    10375  1.60375000e+02  1.00000000e-03   2.34740173e-02   2.35164216e-02   3.52347678e-01
    10400  1.60400000e+02  1.00000000e-03   2.35096025e-02   2.34501000e-02   3.52312001e-01
    10425  1.60425000e+02  1.00000000e-03   2.35684510e-02   2.33823186e-02   3.52483301e-01
    10450  1.60450000e+02  1.00000000e-03   2.36499679e-02   2.33134346e-02   3.52860272e-01
    10475  1.60475000e+02  1.00000000e-03   2.37532475e-02   2.32438217e-02   3.53440339e-01
    10500  1.60500000e+02  1.00000000e-03   2.38771859e-02   2.31738916e-02   3.54219966e-01
    10525  1.60525000e+02  1.00000000e-03   2.40206181e-02   2.31041011e-02   3.55194821e-01
    10550  1.60550000e+02  1.00000000e-03   2.41824547e-02   2.30349589e-02   3.56359892e-01
    10575  1.60575000e+02  1.00000000e-03   2.43616726e-02   2.29669982e-02   3.57708978e-01
    10600  1.60600000e+02  1.00000000e-03   2.45572318e-02   2.29007502e-02   3.59234175e-01
    10625  1.60625000e+02  1.00000000e-03   2.47679154e-02   2.28367075e-02   3.60925340e-01
    10650  1.60650000e+02  1.00000000e-03   2.49922218e-02   2.27753083e-02   3.62770048e-01
    10675  1.60675000e+02  1.00000000e-03   2.52283650e-02   2.27169388e-02   3.64754043e-01
    10700  1.60700000e+02  1.00000000e-03   2.54743913e-02   2.26619534e-02   3.66862029e-01
    10725  1.60725000e+02  1.00000000e-03   2.57282984e-02   2.26106967e-02   3.69078174e-01
    10750  1.60750000e+02  1.00000000e-03   2.59881517e-02   2.25635097e-02   3.71386474e-01
    10775  1.60775000e+02  1.00000000e-03   2.62521417e-02   2.25207263e-02   3.73770812e-01
    10800  1.60800000e+02  1.00000000e-03   2.65186245e-02   2.24826429e-02   3.76215217e-01
    10825  1.60825000e+02  1.00000000e-03   2.67859247e-02   2.24495293e-02   3.78702825e-01
    10850  1.60850000e+02  1.00000000e-03   2.70522903e-02   2.24216172e-02   3.81215983e-01
    10875  1.60875000e+02  1.00000000e-03   2.73158314e-02   2.23991117e-02   3.83736287e-01
    10900  1.60900000e+02  1.00000000e-03   2.75745762e-02   2.23821901e-02   3.86245163e-01
    10925  1.60925000e+02  1.00000000e-03   2.78265667e-02   2.23710245e-02   3.88724437e-01
    10950  1.60950000e+02  1.00000000e-03   2.80699512e-02   2.23657968e-02   3.91156694e-01
    10975  1.60975000e+02  1.00000000e-03   2.83030162e-02   2.23666847e-02   3.93525280e-01
    11000  1.61000000e+02  1.00000000e-03   2.85241506e-02   2.23738213e-02   3.95813983e-01
    11025  1.61025000e+02  1.00000000e-03   2.87317987e-02   2.23872462e-02   3.98006763e-01
    11050  1.61050000e+02  1.00000000e-03   2.89244572e-02   2.24068838e-02   4.00087796e-01
    11075  1.61075000e+02  1.00000000e-03   2.91007281e-02   2.24325604e-02   4.02041869e-01
    11100  1.61100000e+02  1.00000000e-03   2.92593942e-02   2.24640402e-02   4.03854906e-01
    11125  1.61125000e+02  1.00000000e-03   2.93994684e-02   2.25010614e-02   4.05514401e-01
    11150  1.61150000e+02  1.00000000e-03   2.95201962e-02   2.25433510e-02   4.07009613e-01
    11175  1.61175000e+02  1.00000000e-03   2.96210295e-02   2.25906236e-02   4.08331586e-01
    11200  1.61200000e+02  1.00000000e-03   2.97015962e-02   2.26425658e-02   4.09473040e-01
    11225  1.61225000e+02  1.00000000e-03   2.97616791e-02   2.26988140e-02   4.10428227e-01
    11250  1.61250000e+02  1.00000000e-03   2.98013041e-02   2.27589156e-02   4.11193463e-01
    11275  1.61275000e+02  1.00000000e-03   2.98204891e-02   2.28223093e-02   4.11765669e-01
    11300  1.61300000e+02  1.00000000e-03   2.98193622e-02   2.28883979e-02   4.12143001e-01
    11325  1.61325000e+02  1.00000000e-03   2.97982404e-02   2.29565177e-02   4.12325618e-01
    11350  1.61350000e+02  1.00000000e-03   2.97575274e-02   2.30260875e-02   4.12314888e-01
    11375  1.61375000e+02  1.00000000e-03   2.96979047e-02   2.30965956e-02   4.12114652e-01
    11400  1.61400000e+02  1.00000000e-03   2.96200357e-02   2.31676510e-02   4.11729161e-01
    11425  1.61425000e+02  1.00000000e-03   2.95249612e-02   2.32388616e-02   4.11165419e-01
    11450  1.61450000e+02  1.00000000e-03   2.94136770e-02   2.33098727e-02   4.10430525e-01
    11475  1.61475000e+02  1.00000000e-03   2.92871663e-02   2.33803144e-02   4.09531945e-01
    11500  1.61500000e+02  1.00000000e-03   2.91463118e-02   2.34497816e-02   4.08477038e-01
    11525  1.61525000e+02  1.00000000e-03   2.89918363e-02   2.35178575e-02   4.07272591e-01
    11550  1.61550000e+02  1.00000000e-03   2.88244540e-02   2.35841112e-02   4.05925658e-01
    11575  1.61575000e+02  1.00000000e-03   2.86449082e-02   2.36481187e-02   4.04443468e-01
    11600  1.61600000e+02  1.00000000e-03   2.84540864e-02   2.37094726e-02   4.02833809e-01
    11625  1.61625000e+02  1.00000000e-03   2.82530660e-02   2.37678009e-02   4.01105070e-01
    11650  1.61650000e+02  1.00000000e-03   2.80430652e-02   2.38227669e-02   3.99265954e-01
    11675  1.61675000e+02  1.00000000e-03   2.78253437e-02   2.38740644e-02   3.97325207e-01
    11700  1.61700000e+02  1.00000000e-03   2.76011065e-02   2.39213987e-02   3.95291623e-01
    11725  1.61725000e+02  1.00000000e-03   2.73713616e-02   2.39644744e-02   3.93173809e-01
    11750  1.61750000e+02  1.00000000e-03   2.71368992e-02   2.40029808e-02   3.90980473e-01
    11775  1.61775000e+02  1.00000000e-03   2.68983379e-02   2.40365939e-02   3.88720809e-01
    11800  1.61800000e+02  1.00000000e-03   2.66562683e-02   2.40649831e-02   3.86405129e-01
    11825  1.61825000e+02  1.00000000e-03   2.64114122e-02   2.40878382e-02   3.84045309e-01
    11850  1.61850000e+02  1.00000000e-03   2.61647865e-02   2.41048978e-02   3.81655142e-01
    11875  1.61875000e+02  1.00000000e-03   2.59178219e-02   2.41159769e-02   3.79250469e-01
    11900  1.61900000e+02  1.00000000e-03   2.56723691e-02   2.41209886e-02   3.76848887e-01
    11925  1.61925000e+02  1.00000000e-03   2.54306078e-02   2.41199482e-02   3.74469217e-01
    11950  1.61950000e+02  1.00000000e-03   2.51948736e-02   2.41129675e-02   3.72130804e-01
    11975  1.61975000e+02  1.00000000e-03   2.49674686e-02   2.41002371e-02   3.69852800e-01
    12000  1.62000000e+02  1.00000000e-03   2.47505090e-02   2.40820023e-02   3.67653574e-01
    12025  1.62025000e+02  1.00000000e-03   2.45458412e-02   2.40585308e-02   3.65550250e-01
    12050  1.62050000e+02  1.00000000e-03   2.43550636e-02   2.40300862e-02   3.63558622e-01
    12075  1.62075000e+02  1.00000000e-03   2.41795867e-02   2.39969142e-02   3.61693149e-01
    12100  1.62100000e+02  1.00000000e-03   2.40207061e-02   2.39592414e-02   3.59967026e-01
    12125  1.62125000e+02  1.00000000e-03   2.38796424e-02   2.39172894e-02   3.58392275e-01
    12150  1.62150000e+02  1.00000000e-03   2.37575345e-02   2.38712884e-02   3.56979775e-01
    12175  1.62175000e+02  1.00000000e-03   2.36553959e-02   2.38214864e-02   3.55739259e-01
    12200  1.62200000e+02  1.00000000e-03   2.35741213e-02   2.37681613e-02   3.54679485e-01
    12225  1.62225000e+02  1.00000000e-03   2.35144586e-02   2.37116080e-02   3.53808059e-01
    12250  1.62250000e+02  1.00000000e-03   2.34770782e-02   2.36521490e-02   3.53131590e-01
    12275  1.62275000e+02  1.00000000e-03   2.34625486e-02   2.35901195e-02   3.52655404e-01
    12300  1.62300000e+02  1.00000000e-03   2.34713063e-02   2.35258733e-02   3.52383456e-01
    12325  1.62325000e+02  1.00000000e-03   2.35035367e-02   2.34597648e-02   3.52318012e-01
    12350  1.62350000e+02  1.00000000e-03   2.35590923e-02   2.33921500e-02   3.52459653e-01
    12375  1.62375000e+02  1.00000000e-03   2.36374268e-02   2.33233833e-02   3.52807258e-01
    12400  1.62400000e+02  1.00000000e-03   2.37376763e-02   2.32538360e-02   3.53358429e-01
    12425  1.62425000e+02  1.00000000e-03   2.38587531e-02   2.31839128e-02   3.54109731e-01
    12450  1.62450000e+02  1.00000000e-03   2.39994904e-02   2.31140630e-02   3.55056930e-01
    12475  1.62475000e+02  1.00000000e-03   2.41587822e-02   2.30447893e-02   3.56195120e-01
    12500  1.62500000e+02  1.00000000e-03   2.43355983e-02   2.29766224e-02   3.57518299e-01
    12525  1.62525000e+02  1.00000000e-03   2.45289071e-02   2.29100960e-02   3.59018836e-01
    12550  1.62550000e+02  1.00000000e-03   2.47375253e-02   2.28457095e-02   3.60686923e-01
    12575  1.62575000e+02  1.00000000e-03   2.49599937e-02   2.27839090e-02   3.62510442e-01
    12600  1.62600000e+02  1.00000000e-03   2.51945600e-02   2.27250867e-02   3.64475346e-01
    12625  1.62625000e+02  1.00000000e-03   2.54392869e-02   2.26695999e-02   3.66566451e-01
    12650  1.62650000e+02  1.00000000e-03   2.56921697e-02   2.26177935e-02   3.68767967e-01
    12675  1.62675000e+02  1.00000000e-03   2.59512606e-02   2.25700088e-02   3.71063917e-01
    12700  1.62700000e+02  1.00000000e-03   2.62147250e-02   2.25265822e-02   3.73438166e-01
    12725  1.62725000e+02  1.00000000e-03   2.64809090e-02   2.24878148e-02   3.75874795e-01
    12750  1.62750000e+02  1.00000000e-03   2.67481432e-02   2.24539817e-02   3.78357061e-01
    12775  1.62775000e+02  1.00000000e-03   2.70146940e-02   2.24253185e-02   3.80867440e-01
    12800  1.62800000e+02  1.00000000e-03   2.72786901e-02   2.24020345e-02   3.83387604e-01
    12825  1.62825000e+02  1.00000000e-03   2.75381671e-02   2.23843098e-02   3.85898966e-01
    12850  1.62850000e+02  1.00000000e-03   2.77911595e-02   2.23723160e-02   3.88383270e-01
    12875  1.62875000e+02  1.00000000e-03   2.80357990e-02   2.23662336e-02   3.90822985e-01
    12900  1.62900000e+02  1.00000000e-03   2.82703559e-02   2.23662432e-02   3.93201369e-01
    12925  1.62925000e+02  1.00000000e-03   2.84932097e-02   2.23724873e-02   3.95502167e-01
    12950  1.62950000e+02  1.00000000e-03   2.87028006e-02   2.23850209e-02   3.97709322e-01
    12975  1.62975000e+02  1.00000000e-03   2.88976160e-02   2.24037844e-02   3.99806960e-01
    13000  1.63000000e+02  1.00000000e-03   2.90762394e-02   2.24286156e-02   4.01779750e-01
    13025  1.63025000e+02  1.00000000e-03   2.92374238e-02   2.24592848e-02   4.03613426e-01
    13050  1.63050000e+02  1.00000000e-03   2.93801493e-02   2.24955322e-02   4.05295248e-01
    13075  1.63075000e+02  1.00000000e-03   2.95036300e-02   2.25370862e-02   4.06814222e-01
    13100  1.63100000e+02  1.00000000e-03   2.96072919e-02   2.25836637e-02   4.08161149e-01
    13125  1.63125000e+02  1.00000000e-03   2.96907395e-02   2.26349568e-02   4.09328520e-01
    13150  1.63150000e+02  1.00000000e-03   2.97537371e-02   2.26906102e-02   4.10310387e-01
    13175  1.63175000e+02  1.00000000e-03   2.97962661e-02   2.27501893e-02   4.11102703e-01
    13200  1.63200000e+02  1.00000000e-03   2.98183769e-02   2.28131388e-02   4.11702508e-01
    13225  1.63225000e+02  1.00000000e-03   2.98201430e-02   2.28788750e-02   4.12107519e-01
    13250  1.63250000e+02  1.00000000e-03   2.98018819e-02   2.29467307e-02   4.12317796e-01
    13275  1.63275000e+02  1.00000000e-03   2.97639668e-02   2.30161144e-02   4.12334418e-01
    13300  1.63300000e+02  1.00000000e-03   2.97070506e-02   2.30865017e-02   4.12160947e-01
    13325  1.63325000e+02  1.00000000e-03   2.96317734e-02   2.31574914e-02   4.11801454e-01
    13350  1.63350000e+02  1.00000000e-03   2.95391496e-02   2.32286884e-02   4.11262717e-01
    13375  1.63375000e+02  1.00000000e-03   2.94301734e-02   2.32997370e-02   4.10551792e-01
    13400  1.63400000e+02  1.00000000e-03   2.93058287e-02   2.33702712e-02   4.09676089e-01
    13425  1.63425000e+02  1.00000000e-03   2.91670218e-02   2.34398897e-02   4.08643063e-01
    13450  1.63450000e+02  1.00000000e-03   2.90144833e-02   2.35081769e-02   4.07459505e-01
    13475  1.63475000e+02  1.00000000e-03   2.88489252e-02   2.35747044e-02   4.06132437e-01
    13500  1.63500000e+02  1.00000000e-03   2.86710772e-02   2.36390447e-02   4.04669040e-01
    13525  1.63525000e+02  1.00000000e-03   2.84818023e-02   2.37007878e-02   4.03077021e-01
    13550  1.63550000e+02  1.00000000e-03   2.82821497e-02   2.37595558e-02   4.01364687e-01
    13575  1.63575000e+02  1.00000000e-03   2.80733271e-02   2.38150073e-02   3.99540737e-01
    13600  1.63600000e+02  1.00000000e-03   2.78565958e-02   2.38668332e-02   3.97613913e-01
    13625  1.63625000e+02  1.00000000e-03   2.76331791e-02   2.39147370e-02   3.95593012e-01
    13650  1.63650000e+02  1.00000000e-03   2.74041216e-02   2.39584252e-02   3.93486667e-01
    13675  1.63675000e+02  1.00000000e-03   2.71702471e-02   2.39975893e-02   3.91303551e-01
    13700  1.63700000e+02  1.00000000e-03   2.69321948e-02   2.40319071e-02   3.89052753e-01
    13725  1.63725000e+02  1.00000000e-03   2.66905512e-02   2.40610477e-02   3.86744390e-01
    13750  1.63750000e+02  1.00000000e-03   2.64460112e-02   2.40846965e-02   3.84390087e-01
    13775  1.63775000e+02  1.00000000e-03   2.61995426e-02   2.41025840e-02   3.82003357e-01
    13800  1.63800000e+02  1.00000000e-03   2.59525128e-02   2.41145127e-02   3.79599746e-01
    13825  1.63825000e+02  1.00000000e-03   2.57067169e-02   2.41203815e-02   3.77196633e-01
    13850  1.63850000e+02  1.00000000e-03   2.54642966e-02   2.41201916e-02   3.74812705e-01
    13875  1.63875000e+02  1.00000000e-03   2.52275750e-02   2.41140418e-02   3.72467265e-01
    13900  1.63900000e+02  1.00000000e-03   2.49988684e-02   2.41021129e-02   3.70179533e-01
    13925  1.63925000e+02  1.00000000e-03   2.47803253e-02   2.40846444e-02   3.67968017e-01
    13950  1.63950000e+02  1.00000000e-03   2.45738276e-02   2.40619023e-02   3.65850020e-01
    13975  1.63975000e+02  1.00000000e-03   2.43810056e-02   2.40341523e-02   3.63841532e-01
    14000  1.64000000e+02  1.00000000e-03   2.42032872e-02   2.40016418e-02   3.61957184e-01
    14025  1.64025000e+02  1.00000000e-03   2.40419820e-02   2.39646003e-02   3.60210361e-01
    14050  1.64050000e+02  1.00000000e-03   2.38983174e-02   2.39232486e-02   3.58613238e-01
    14075  1.64075000e+02  1.00000000e-03   2.37734462e-02   2.38778150e-02   3.57176866e-01
    14100  1.64100000e+02  1.00000000e-03   2.36684016e-02   2.38285444e-02   3.55911139e-01
    14125  1.64125000e+02  1.00000000e-03   2.35840950e-02   2.37757109e-02   3.54824958e-01
    14150  1.64150000e+02  1.00000000e-03   2.35212933e-02   2.37196060e-02   3.53926088e-01
    14175  1.64175000e+02  1.00000000e-03   2.34806778e-02   2.36605495e-02   3.53221292e-01
    14200  1.64200000e+02  1.00000000e-03   2.34628361e-02   2.35988748e-02   3.52716097e-01
    14225  1.64225000e+02  1.00000000e-03   2.34682277e-02   2.35349335e-02   3.52414656e-01
    14250  1.64250000e+02  1.00000000e-03   2.34970824e-02   2.34690797e-02   3.52319487e-01
    14275  1.64275000e+02  1.00000000e-03   2.35493074e-02   2.34016707e-02   3.52431421e-01
    14300  1.64300000e+02  1.00000000e-03   2.36244079e-02   2.33330583e-02   3.52749538e-01
    14325  1.64325000e+02  1.00000000e-03   2.37215637e-02   2.32636119e-02   3.53271623e-01
    14350  1.64350000e+02  1.00000000e-03   2.38397072e-02   2.31937293e-02   3.53994354e-01
    14375  1.64375000e+02  1.00000000e-03   2.39776755e-02   2.31238530e-02   3.54913606e-01
    14400  1.64400000e+02  1.00000000e-03   2.41343477e-02   2.30544785e-02   3.56024575e-01
    14425  1.64425000e+02  1.00000000e-03   2.43086873e-02   2.29861341e-02   3.57321453e-01
    14450  1.64450000e+02  1.00000000e-03   2.44996694e-02   2.29193546e-02   3.58796868e-01
    14475  1.64475000e+02  1.00000000e-03   2.47061427e-02   2.28546461e-02   3.60441348e-01
    14500  1.64500000e+02  1.00000000e-03   2.49266908e-02   2.27924627e-02   3.62243092e-01
    14525  1.64525000e+02  1.00000000e-03   2.51595986e-02   2.27332026e-02   3.64188283e-01
    14550  1.64550000e+02  1.00000000e-03   2.54029476e-02   2.26772270e-02   3.66261862e-01
    14575  1.64575000e+02  1.00000000e-03   2.56547353e-02   2.26248813e-02   3.68448098e-01
    14600  1.64600000e+02  1.00000000e-03   2.59130018e-02   2.25765071e-02   3.70731043e-01
    14625  1.64625000e+02  1.00000000e-03   2.61758908e-02   2.25324425e-02   3.73094563e-01
    14650  1.64650000e+02  1.00000000e-03   2.64417331e-02   2.24929942e-02   3.75522767e-01
    14675  1.64675000e+02  1.00000000e-03   2.67088652e-02   2.24584421e-02   3.77999041e-01
    14700  1.64700000e+02  1.00000000e-03   2.69755698e-02   2.24290258e-02   3.80505991e-01
    14725  1.64725000e+02  1.00000000e-03   2.72399949e-02   2.24049591e-02   3.83025387e-01
    14750  1.64750000e+02  1.00000000e-03   2.75001843e-02   2.23864255e-02   3.85538645e-01
    14775  1.64775000e+02  1.00000000e-03   2.77541670e-02   2.23735962e-02   3.88027439e-01
    14800  1.64800000e+02  1.00000000e-03   2.80000571e-02   2.23666504e-02   3.90474129e-01
    14825  1.64825000e+02  1.00000000e-03   2.82361069e-02   2.23657703e-02   3.92861881e-01
    14850  1.64850000e+02  1.00000000e-03   2.84606850e-02   2.23711070e-02   3.95174398e-01
    14875  1.64875000e+02  1.00000000e-03   2.86722267e-02   2.23827305e-02   3.97395609e-01
    14900  1.64900000e+02  1.00000000e-03   2.88692118e-02   2.24005975e-02   3.99509603e-01
    14925  1.64925000e+02  1.00000000e-03   2.90502070e-02   2.24245587e-02   4.01500944e-01
    14950  1.64950000e+02  1.00000000e-03   2.92139369e-02   2.24543915e-02   4.03355183e-01
    14975  1.64975000e+02  1.00000000e-03   2.93593484e-02   2.24898390e-02   4.05059346e-01
    15000  1.65000000e+02  1.00000000e-03   2.94856229e-02   2.25306309e-02   4.06602184e-01
    15025  1.65025000e+02  1.00000000e-03   2.95921583e-02   2.25764866e-02   4.07974247e-01
    15050  1.65050000e+02  1.00000000e-03   2.96785340e-02   2.26271032e-02   4.09167786e-01
    15075  1.65075000e+02  1.00000000e-03   2.97444935e-02   2.26821336e-02   4.10176647e-01
    15100  1.65100000e+02  1.00000000e-03   2.97899742e-02   2.27411600e-02   4.10996424e-01
    15125  1.65125000e+02  1.00000000e-03   2.98150542e-02   2.28036361e-02   4.11624243e-01
    15150  1.65150000e+02  1.00000000e-03   2.98197585e-02   2.28689898e-02   4.12057421e-01
    15175  1.65175000e+02  1.00000000e-03   2.98044034e-02   2.29365552e-02   4.12295900e-01
    15200  1.65200000e+02  1.00000000e-03   2.97693307e-02   2.30057298e-02   4.12340462e-01
    15225  1.65225000e+02  1.00000000e-03   2.97151550e-02   2.30759772e-02   4.12194326e-01
    15250  1.65250000e+02  1.00000000e-03   2.96425173e-02   2.31468819e-02   4.11861514e-01
    15275  1.65275000e+02  1.00000000e-03   2.95523847e-02   2.32180503e-02   4.11348441e-01
    15300  1.65300000e+02  1.00000000e-03   2.94457560e-02   2.32891217e-02   4.10662151e-01
    15325  1.65325000e+02  1.00000000e-03   2.93236179e-02   2.33597348e-02   4.09810001e-01
    15350  1.65350000e+02  1.00000000e-03   2.91868979e-02   2.34294922e-02   4.08799510e-01
    15375  1.65375000e+02  1.00000000e-03   2.90363418e-02   2.34979801e-02   4.07637507e-01
    15400  1.65400000e+02  1.00000000e-03   2.88726586e-02   2.35647717e-02   4.06330955e-01
    15425  1.65425000e+02  1.00000000e-03   2.86965718e-02   2.36294377e-02   4.04887014e-01
    15450  1.65450000e+02  1.00000000e-03   2.85089197e-02   2.36915657e-02   4.03313299e-01
    15475  1.65475000e+02  1.00000000e-03   2.83107237e-02   2.37507721e-02   4.01618026e-01
    15500  1.65500000e+02  1.00000000e-03   2.81031777e-02   2.38067110e-02   3.99809878e-01
    15525  1.65525000e+02  1.00000000e-03   2.78875404e-02   2.38590693e-02   3.97897587e-01
    15550  1.65550000e+02  1.00000000e-03   2.76650493e-02   2.39075506e-02   3.95889948e-01
    15575  1.65575000e+02  1.00000000e-03   2.74367812e-02   2.39518610e-02   3.93795619e-01
    15600  1.65600000e+02  1.00000000e-03   2.72035912e-02   2.39916951e-02   3.91623243e-01
    15625  1.65625000e+02  1.00000000e-03   2.69661392e-02   2.40267324e-02   3.89381815e-01
    15650  1.65650000e+02  1.00000000e-03   2.67250097e-02   2.40566423e-02   3.87081264e-01
    15675  1.65675000e+02  1.00000000e-03   2.64808714e-02   2.40811061e-02   3.84732974e-01
    15700  1.65700000e+02  1.00000000e-03   2.62346440e-02   2.40998461e-02   3.82350166e-01
    15725  1.65725000e+02  1.00000000e-03   2.59876315e-02   2.41126528e-02   3.79948088e-01
    15750  1.65750000e+02  1.00000000e-03   2.57415713e-02   2.41194108e-02   3.77543887e-01
    15775  1.65775000e+02  1.00000000e-03   2.54985616e-02   2.41201067e-02   3.75156091e-01
    15800  1.65800000e+02  1.00000000e-03   2.52609100e-02   2.41148252e-02   3.72803954e-01
    15825  1.65825000e+02  1.00000000e-03   2.50309437e-02   2.41037370e-02   3.70506747e-01
    15850  1.65850000e+02  1.00000000e-03   2.48108409e-02   2.40870743e-02   3.68283108e-01
    15875  1.65875000e+02  1.00000000e-03   2.46025219e-02   2.40651010e-02   3.66150525e-01
    15900  1.65900000e+02  1.00000000e-03   2.44076496e-02   2.40380839e-02   3.64125182e-01
    15925  1.65925000e+02  1.00000000e-03   2.42276729e-02   2.40062724e-02   3.62221890e-01
    15950  1.65950000e+02  1.00000000e-03   2.40639175e-02   2.39698991e-02   3.60454226e-01
    15975  1.65975000e+02  1.00000000e-03   2.39176183e-02   2.39291841e-02   3.58834523e-01
    16000  1.66000000e+02  1.00000000e-03   2.37899422e-02   2.38843537e-02   3.57374004e-01
    16025  1.66025000e+02  1.00000000e-03   2.36819427e-02   2.38356504e-02   3.56082731e-01
    16050  1.66050000e+02  1.00000000e-03   2.35945472e-02   2.37833431e-02   3.54969740e-01
    16075  1.66075000e+02  1.00000000e-03   2.35285448e-02   2.37277205e-02   3.54042970e-01
    16100  1.66100000e+02  1.00000000e-03   2.34846274e-02   2.36690985e-02   3.53309334e-01
    16125  1.66125000e+02  1.00000000e-03   2.34634014e-02   2.36078088e-02   3.52774563e-01
    16150  1.66150000e+02  1.00000000e-03   2.34653464e-02   2.35441995e-02   3.52443004e-01
    16175  1.66175000e+02  1.00000000e-03   2.34907365e-02   2.34786248e-02   3.52317438e-01
    16200  1.66200000e+02  1.00000000e-03   2.35395314e-02   2.34114425e-02   3.52398943e-01
    16225  1.66225000e+02  1.00000000e-03   2.36112916e-02   2.33430025e-02   3.52686825e-01
    16250  1.66250000e+02  1.00000000e-03   2.37052430e-02   2.32736722e-02   3.53179060e-01
    16275  1.66275000e+02  1.00000000e-03   2.38203428e-02   2.32038430e-02   3.53872453e-01
    16300  1.66300000e+02  1.00000000e-03   2.39554366e-02   2.31339510e-02   3.54763004e-01
    16325  1.66325000e+02  1.00000000e-03   2.41093904e-02   2.30644837e-02   3.55846006e-01
    16350  1.66350000e+02  1.00000000e-03   2.42811608e-02   2.29959666e-02   3.57115844e-01
    16375  1.66375000e+02  1.00000000e-03   2.44697283e-02   2.29289352e-02   3.58565403e-01
    16400  1.66400000e+02  1.00000000e-03   2.46739722e-02   2.28639019e-02   3.60185552e-01
    16425  1.66425000e+02  1.00000000e-03   2.48925194e-02   2.28013288e-02   3.61964817e-01
    16450  1.66450000e+02  1.00000000e-03   2.51236957e-02   2.27416214e-02   3.63889640e-01
    16475  1.66475000e+02  1.00000000e-03   2.53656049e-02   2.26851453e-02   3.65945100e-01
    16500  1.66500000e+02  1.00000000e-03   2.56162493e-02   2.26322468e-02   3.68115538e-01
    16525  1.66525000e+02  1.00000000e-03   2.58736579e-02   2.25832679e-02   3.70385032e-01
    16550  1.66550000e+02  1.00000000e-03   2.61359548e-02   2.25385480e-02   3.72737463e-01
    16575  1.66575000e+02  1.00000000e-03   2.64014501e-02   2.24984002e-02   3.75156937e-01
    16600  1.66600000e+02  1.00000000e-03   2.66684860e-02   2.24631082e-02   3.77626978e-01
    16625  1.66625000e+02  1.00000000e-03   2.69353592e-02   2.24329169e-02   3.80130321e-01
    16650  1.66650000e+02  1.00000000e-03   2.72002379e-02   2.24080443e-02   3.82648843e-01
    16675  1.66675000e+02  1.00000000e-03   2.74611760e-02   2.23886779e-02   3.85163978e-01
    16700  1.66700000e+02  1.00000000e-03   2.77161977e-02   2.23749890e-02   3.87657335e-01
    16725  1.66725000e+02  1.00000000e-03   2.79633997e-02   2.23671554e-02   3.90111164e-01
    16750  1.66750000e+02  1.00000000e-03   2.82010134e-02   2.23653602e-02   3.92508525e-01
    16775  1.66775000e+02  1.00000000e-03   2.84273934e-02   2.23697621e-02   3.94833072e-01
    16800  1.66800000e+02  1.00000000e-03   2.86409682e-02   2.23804459e-02   3.97068718e-01
    16825  1.66825000e+02  1.00000000e-03   2.88402102e-02   2.23973856e-02   3.99199519e-01
    16850  1.66850000e+02  1.00000000e-03   2.90236697e-02   2.24204457e-02   4.01209942e-01
    16875  1.66875000e+02  1.00000000e-03   2.91900434e-02   2.24494123e-02   4.03085360e-01
    16900  1.66900000e+02  1.00000000e-03   2.93382438e-02   2.24840316e-02   4.04812560e-01
    16925  1.66925000e+02  1.00000000e-03   2.94674176e-02   2.25240353e-02   4.06380027e-01
    16950  1.66950000e+02  1.00000000e-03   2.95769322e-02   2.25691447e-02   4.07778049e-01
    16975  1.66975000e+02  1.00000000e-03   2.96663403e-02   2.26190618e-02   4.08998625e-01
    17000  1.67000000e+02  1.00000000e-03   2.97353625e-02   2.26734474e-02   4.10035382e-01
    17025  1.67025000e+02  1.00000000e-03   2.97838926e-02   2.27318992e-02   4.10883558e-01
    17050  1.67050000e+02  1.00000000e-03   2.98120301e-02   2.27938834e-02   4.11540318e-01
    17075  1.67075000e+02  1.00000000e-03   2.98197594e-02   2.28588367e-02   4.12002638e-01
    17100  1.67100000e+02  1.00000000e-03   2.98073875e-02   2.29260998e-02   4.12270276e-01
    17125  1.67125000e+02  1.00000000e-03   2.97752318e-02   2.29950572e-02   4.12343761e-01
    17150  1.67150000e+02  1.00000000e-03   2.97238612e-02   2.30651632e-02   4.12225914e-01
    17175  1.67175000e+02  1.00000000e-03   2.96539366e-02   2.31359810e-02   4.11920808e-01
    17200  1.67200000e+02  1.00000000e-03   2.95663505e-02   2.32071224e-02   4.11434328e-01
    17225  1.67225000e+02  1.00000000e-03   2.94621217e-02   2.32782201e-02   4.10773585e-01
    17250  1.67250000e+02  1.00000000e-03   2.93422380e-02   2.33489155e-02   4.09945869e-01
    17275  1.67275000e+02  1.00000000e-03   2.92076474e-02   2.34188177e-02   4.08958737e-01
    17300  1.67300000e+02  1.00000000e-03   2.90591161e-02   2.34875128e-02   4.07819081e-01
    17325  1.67325000e+02  1.00000000e-03   2.88973529e-02   2.35545768e-02   4.06533811e-01
    17350  1.67350000e+02  1.00000000e-03   2.87230786e-02   2.36195791e-02   4.05110068e-01
    17375  1.67375000e+02  1.00000000e-03   2.85371070e-02   2.36821047e-02   4.03555367e-01
    17400  1.67400000e+02  1.00000000e-03   2.83404323e-02   2.37417645e-02   4.01877834e-01
    17425  1.67425000e+02  1.00000000e-03   2.81342307e-02   2.37982081e-02   4.00086123e-01
    17450  1.67450000e+02  1.00000000e-03   2.79197548e-02   2.38511181e-02   3.98188947e-01
    17475  1.67475000e+02  1.00000000e-03   2.76982523e-02   2.39001970e-02   3.96195096e-01
    17500  1.67500000e+02  1.00000000e-03   2.74708300e-02   2.39451511e-02   3.94113259e-01
    17525  1.67525000e+02  1.00000000e-03   2.72383730e-02   2.39856779e-02   3.91952049e-01
    17550  1.67550000e+02  1.00000000e-03   2.70015635e-02   2.40214585e-02   3.89720381e-01
    17575  1.67575000e+02  1.00000000e-03   2.67609856e-02   2.40521633e-02   3.87428007e-01
    17600  1.67600000e+02  1.00000000e-03   2.65172841e-02   2.40774696e-02   3.85086064e-01
    17625  1.67625000e+02  1.00000000e-03   2.62713300e-02   2.40970917e-02   3.82707481e-01
    17650  1.67650000e+02  1.00000000e-03   2.60243649e-02   2.41108084e-02   3.80307203e-01
    17675  1.67675000e+02  1.00000000e-03   2.57780637e-02   2.41184891e-02   3.77902121e-01
    17700  1.67700000e+02  1.00000000e-03   2.55344779e-02   2.41201053e-02   3.75510591e-01
    17725  1.67725000e+02  1.00000000e-03   2.52958949e-02   2.41157271e-02   3.73151800e-01
    17750  1.67750000e+02  1.00000000e-03   2.50646508e-02   2.41055141e-02   3.70845062e-01
    17775  1.67775000e+02  1.00000000e-03   2.48429528e-02   2.40896900e-02   3.68609141e-01
    17800  1.67800000e+02  1.00000000e-03   2.46327617e-02   2.40685160e-02   3.66461718e-01
    17825  1.67825000e+02  1.00000000e-03   2.44357762e-02   2.40422599e-02   3.64419174e-01
    17850  1.67850000e+02  1.00000000e-03   2.42534710e-02   2.40111733e-02   3.62496516e-01
    17875  1.67875000e+02  1.00000000e-03   2.40871884e-02   2.39754918e-02   3.60707516e-01
    17900  1.67900000e+02  1.00000000e-03   2.39381735e-02   2.39354357e-02   3.59064674e-01
    17925  1.67925000e+02  1.00000000e-03   2.38076069e-02   2.38912297e-02   3.57579387e-01
    17950  1.67950000e+02  1.00000000e-03   2.36965629e-02   2.38431137e-02   3.56261895e-01
    17975  1.67975000e+02  1.00000000e-03   2.36059850e-02   2.37913508e-02   3.55121367e-01
    18000  1.68000000e+02  1.00000000e-03   2.35366864e-02   2.37362277e-02   3.54165928e-01
    18025  1.68025000e+02  1.00000000e-03   2.34893699e-02   2.36780556e-02   3.53402638e-01
    18050  1.68050000e+02  1.00000000e-03   2.34646589e-02   2.36171643e-02   3.52837432e-01
    18075  1.68075000e+02  1.00000000e-03   2.34630527e-02   2.35538980e-02   3.52474857e-01
    18100  1.68100000e+02  1.00000000e-03   2.34848680e-02   2.34886114e-02   3.52317962e-01
    18125  1.68125000e+02  1.00000000e-03   2.35301146e-02   2.34216617e-02   3.52368076e-01
    18150  1.68150000e+02  1.00000000e-03   2.35984139e-02   2.33533984e-02   3.52624758e-01
    18175  1.68175000e+02  1.00000000e-03   2.36890384e-02   2.32841867e-02   3.53086176e-01
    18200  1.68200000e+02  1.00000000e-03   2.38009762e-02   2.32144118e-02   3.53749283e-01
    18225  1.68225000e+02  1.00000000e-03   2.39330844e-02   2.31445036e-02   3.54610208e-01
    18250  1.68250000e+02  1.00000000e-03   2.40842177e-02   2.30749413e-02   3.55664345e-01
    18275  1.68275000e+02  1.00000000e-03   2.42533244e-02   2.30062472e-02   3.56906265e-01
    18300  1.68300000e+02  1.00000000e-03   2.44393883e-02   2.29389566e-02   3.58329109e-01
    18325  1.68325000e+02  1.00000000e-03   2.46413168e-02   2.28735881e-02   3.59924088e-01
    18350  1.68350000e+02  1.00000000e-03   2.48577807e-02   2.28106121e-02   3.61680077e-01
    18375  1.68375000e+02  1.00000000e-03   2.50871502e-02   2.27504422e-02   3.63583796e-01
    18400  1.68400000e+02  1.00000000e-03   2.53275542e-02   2.26934489e-02   3.65620479e-01
    18425  1.68425000e+02  1.00000000e-03   2.55770029e-02   2.26399798e-02   3.67774554e-01
    18450  1.68450000e+02  1.00000000e-03   2.58335149e-02   2.25903778e-02   3.70030119e-01
    18475  1.68475000e+02  1.00000000e-03   2.60951968e-02   2.25449825e-02   3.72371086e-01
    18500  1.68500000e+02  1.00000000e-03   2.63603306e-02   2.25041150e-02   3.74781515e-01
    18525  1.68525000e+02  1.00000000e-03   2.66272663e-02   2.24680607e-02   3.77245089e-01
    18550  1.68550000e+02  1.00000000e-03   2.68943104e-02   2.24370718e-02   3.79744653e-01
    18575  1.68575000e+02  1.00000000e-03   2.71596528e-02   2.24113701e-02   3.82262207e-01
    18600  1.68600000e+02  1.00000000e-03   2.74213591e-02   2.23911475e-02   3.84779211e-01
    18625  1.68625000e+02  1.00000000e-03   2.76774509e-02   2.23765763e-02   3.87277215e-01
    18650  1.68650000e+02  1.00000000e-03   2.79260072e-02   2.23678325e-02   3.89738354e-01
    18675  1.68675000e+02  1.00000000e-03   2.81652369e-02   2.23650997e-02   3.92145571e-01
    18700  1.68700000e+02  1.00000000e-03   2.83934779e-02   2.23685433e-02   3.94482453e-01
    18725  1.68725000e+02  1.00000000e-03   2.86091496e-02   2.23782624e-02   3.96732891e-01
    18750  1.68750000e+02  1.00000000e-03   2.88107166e-02   2.23942487e-02   3.98880912e-01
    18775  1.68775000e+02  1.00000000e-03   2.89967131e-02   2.24163823e-02   4.00910892e-01
    18800  1.68800000e+02  1.00000000e-03   2.91658086e-02   2.24444586e-02   4.02808029e-01
    18825  1.68825000e+02  1.00000000e-03   2.93168794e-02   2.24782278e-02   4.04558867e-01
    18850  1.68850000e+02  1.00000000e-03   2.94490366e-02   2.25174236e-02   4.06151619e-01
    18875  1.68875000e+02  1.00000000e-03   2.95616151e-02   2.25617691e-02   4.07576297e-01
    18900  1.68900000e+02  1.00000000e-03   2.96541398e-02   2.26109708e-02   4.08824643e-01
    18925  1.68925000e+02  1.00000000e-03   2.97263070e-02   2.26646970e-02   4.09890046e-01
    18950  1.68950000e+02  1.00000000e-03   2.97779689e-02   2.27225586e-02   4.10767408e-01
    18975  1.68975000e+02  1.00000000e-03   2.98092367e-02   2.27840399e-02   4.11453858e-01
    19000  1.69000000e+02  1.00000000e-03   2.98200666e-02   2.28485809e-02   4.11946123e-01
    19025  1.69025000e+02  1.00000000e-03   2.98107446e-02   2.29155360e-02   4.12243685e-01
    19050  1.69050000e+02  1.00000000e-03   2.97815724e-02   2.29842741e-02   4.12346879e-01
    19075  1.69075000e+02  1.00000000e-03   2.97330715e-02   2.30542408e-02   4.12258112e-01
    19100  1.69100000e+02  1.00000000e-03   2.96659220e-02   2.31249769e-02   4.11981489e-01
    19125  1.69125000e+02  1.00000000e-03   2.95809412e-02   2.31960981e-02   4.11522362e-01
    19150  1.69150000e+02  1.00000000e-03   2.94791654e-02   2.32672302e-02   4.10887887e-01
    19175  1.69175000e+02  1.00000000e-03   2.93615856e-02   2.33380165e-02   4.10085297e-01
    19200  1.69200000e+02  1.00000000e-03   2.92291630e-02   2.34080722e-02   4.09122142e-01
    19225  1.69225000e+02  1.00000000e-03   2.90826937e-02   2.34769844e-02   4.08005427e-01
    19250  1.69250000e+02  1.00000000e-03   2.89228872e-02   2.35443315e-02   4.06742008e-01
    19275  1.69275000e+02  1.00000000e-03   2.87504632e-02   2.36096823e-02   4.05339008e-01
    19300  1.69300000e+02  1.00000000e-03   2.85662129e-02   2.36726191e-02   4.03803846e-01
    19325  1.69325000e+02  1.00000000e-03   2.83711021e-02   2.37327478e-02   4.02144557e-01
    19350  1.69350000e+02  1.00000000e-03   2.81662853e-02   2.37897125e-02   4.00369744e-01
    19375  1.69375000e+02  1.00000000e-03   2.79530076e-02   2.38431916e-02   3.98488111e-01
    19400  1.69400000e+02  1.00000000e-03   2.77325228e-02   2.38928854e-02   3.96508435e-01
    19425  1.69425000e+02  1.00000000e-03   2.75059670e-02   2.39385010e-02   3.94439436e-01
    19450  1.69450000e+02  1.00000000e-03   2.72742552e-02   2.39797376e-02   3.92289708e-01
    19475  1.69475000e+02  1.00000000e-03   2.70380948e-02   2.40162787e-02   3.90068098e-01
    19500  1.69500000e+02  1.00000000e-03   2.67980721e-02   2.40477956e-02   3.87784182e-01
    19525  1.69525000e+02  1.00000000e-03   2.65548110e-02   2.40739623e-02   3.85448863e-01
    19550  1.69550000e+02  1.00000000e-03   2.63091365e-02   2.40944854e-02   3.83074773e-01
    19575  1.69575000e+02  1.00000000e-03   2.60622271e-02   2.41091323e-02   3.80676549e-01
    19600  1.69600000e+02  1.00000000e-03   2.58156930e-02   2.41177566e-02   3.78270808e-01
    19625  1.69625000e+02  1.00000000e-03   2.55715342e-02   2.41203144e-02   3.75875715e-01
    19650  1.69650000e+02  1.00000000e-03   2.53320146e-02   2.41168603e-02   3.73510377e-01
    19675  1.69675000e+02  1.00000000e-03   2.50994765e-02   2.41075424e-02   3.71194143e-01
    19700  1.69700000e+02  1.00000000e-03   2.48761544e-02   2.40925748e-02   3.68945891e-01
    19725  1.69725000e+02  1.00000000e-03   2.46640521e-02   2.40722155e-02   3.66783500e-01
    19750  1.69750000e+02  1.00000000e-03   2.44649066e-02   2.40467328e-02   3.64723559e-01
    19775  1.69775000e+02  1.00000000e-03   2.42802225e-02   2.40163811e-02   3.62781281e-01
    19800  1.69800000e+02  1.00000000e-03   2.41113602e-02   2.39813992e-02   3.60970633e-01
    19825  1.69825000e+02  1.00000000e-03   2.39595765e-02   2.39420081e-02   3.59304298e-01
    19850  1.69850000e+02  1.00000000e-03   2.38260654e-02   2.38984314e-02   3.57793849e-01
    19875  1.69875000e+02  1.00000000e-03   2.37119210e-02   2.38509064e-02   3.56449704e-01
    19900  1.69900000e+02  1.00000000e-03   2.36181043e-02   2.37996908e-02   3.55281175e-01
    19925  1.69925000e+02  1.00000000e-03   2.35454535e-02   2.37450694e-02   3.54296576e-01
    19950  1.69950000e+02  1.00000000e-03   2.34946823e-02   2.36873484e-02   3.53503116e-01
    19975  1.69975000e+02  1.00000000e-03   2.34664296e-02   2.36268555e-02   3.52906927e-01
    20000  1.70000000e+02  1.00000000e-03   2.34612145e-02   2.35639314e-02   3.52512767e-01
    20025  1.70025000e+02  1.00000000e-03   2.34793929e-02   2.34989311e-02   3.52323951e-01
    20050  1.70050000e+02  1.00000000e-03   2.35210239e-02   2.34322109e-02   3.52342060e-01
    20075  1.70075000e+02  1.00000000e-03   2.35857925e-02   2.33641211e-02   3.52566927e-01
    20100  1.70100000e+02  1.00000000e-03   2.36730194e-02   2.32950242e-02   3.52996914e-01
    20125  1.70125000e+02  1.00000000e-03   2.37817283e-02   2.32253004e-02   3.53629138e-01
    20150  1.70150000e+02  1.00000000e-03   2.39107900e-02   2.31553730e-02   3.54459859e-01
    20175  1.70175000e+02  1.00000000e-03   2.40590499e-02   2.30857129e-02   3.55484574e-01
    20200  1.70200000e+02  1.00000000e-03   2.42254457e-02   2.30168382e-02   3.56698024e-01
    20225  1.70225000e+02  1.00000000e-03   2.44089618e-02   2.29492838e-02   3.58093604e-01
    20250  1.70250000e+02  1.00000000e-03   2.46085300e-02   2.28835739e-02   3.59662864e-01
    20275  1.70275000e+02  1.00000000e-03   2.48228642e-02   2.28201872e-02   3.61395035e-01
    20300  1.70300000e+02  1.00000000e-03   2.50503808e-02   2.27595461e-02   3.63277139e-01
    20325  1.70325000e+02  1.00000000e-03   2.52892375e-02   2.27020263e-02   3.65294584e-01
    20350  1.70350000e+02  1.00000000e-03   2.55374548e-02   2.26479778e-02   3.67431888e-01
    20375  1.70375000e+02  1.00000000e-03   2.57930419e-02   2.25977438e-02   3.69673175e-01
    20400  1.70400000e+02  1.00000000e-03   2.60540906e-02   2.25516646e-02   3.72002397e-01
    20425  1.70425000e+02  1.00000000e-03   2.63188458e-02   2.25100672e-02   3.74403526e-01
    20450  1.70450000e+02  1.00000000e-03   2.65856681e-02   2.24732407e-02   3.76860419e-01
    20475  1.70475000e+02  1.00000000e-03   2.68528699e-02   2.24414440e-02   3.79356019e-01
    20500  1.70500000e+02  1.00000000e-03   2.71186628e-02   2.24149027e-02   3.81872454e-01
    20525  1.70525000e+02  1.00000000e-03   2.73811267e-02   2.23938138e-02   3.84391225e-01
    20550  1.70550000e+02  1.00000000e-03   2.76382827e-02   2.23783508e-02   3.86893825e-01
    20575  1.70575000e+02  1.00000000e-03   2.78881934e-02   2.23686881e-02   3.89362274e-01
    20600  1.70600000e+02  1.00000000e-03   2.81290445e-02   2.23650093e-02   3.91779386e-01
    20625  1.70625000e+02  1.00000000e-03   2.83591555e-02   2.23674854e-02   3.94128670e-01
    20650  1.70650000e+02  1.00000000e-03   2.85769353e-02   2.23762291e-02   3.96393985e-01
    20675  1.70675000e+02  1.00000000e-03   2.87808409e-02   2.23912501e-02   3.98559330e-01
    20700  1.70700000e+02  1.00000000e-03   2.89693916e-02   2.24124447e-02   4.00608997e-01
    20725  1.70725000e+02  1.00000000e-03   2.91412304e-02   2.24396189e-02   4.02528019e-01
    20750  1.70750000e+02  1.00000000e-03   2.92951979e-02   2.24725279e-02   4.04302698e-01
    20775  1.70775000e+02  1.00000000e-03   2.94303684e-02   2.25109069e-02   4.05920973e-01
    20800  1.70800000e+02  1.00000000e-03   2.95460432e-02   2.25544808e-02   4.07372573e-01
    20825  1.70825000e+02  1.00000000e-03   2.96417198e-02   2.26029598e-02   4.08648978e-01
    20850  1.70850000e+02  1.00000000e-03   2.97170681e-02   2.26560197e-02   4.09743327e-01
    20875  1.70875000e+02  1.00000000e-03   2.97719018e-02   2.27132807e-02   4.10650208e-01
    20900  1.70900000e+02  1.00000000e-03   2.98063360e-02   2.27742539e-02   4.11366645e-01
    20925  1.70925000e+02  1.00000000e-03   2.98203132e-02   2.28383743e-02   4.11889228e-01
    20950  1.70950000e+02  1.00000000e-03   2.98140759e-02   2.29050161e-02   4.12217017e-01
    20975  1.70975000e+02  1.00000000e-03   2.97879286e-02   2.29735327e-02   4.12350265e-01
    21000  1.71000000e+02  1.00000000e-03   2.97423444e-02   2.30433604e-02   4.12290959e-01
    21025  1.71025000e+02  1.00000000e-03   2.96780138e-02   2.31140187e-02   4.12043175e-01
    21050  1.71050000e+02  1.00000000e-03   2.95956857e-02   2.31851240e-02   4.11611779e-01
    21075  1.71075000e+02  1.00000000e-03   2.94964070e-02   2.32562953e-02   4.11003925e-01
    21100  1.71100000e+02  1.00000000e-03   2.93811708e-02   2.33271767e-02   4.10226794e-01
    21125  1.71125000e+02  1.00000000e-03   2.92509482e-02   2.33973892e-02   4.09287906e-01
    21150  1.71150000e+02  1.00000000e-03   2.91065686e-02   2.34665223e-02   4.08194403e-01
    21175  1.71175000e+02  1.00000000e-03   2.89487439e-02   2.35341560e-02   4.06953095e-01
    21200  1.71200000e+02  1.00000000e-03   2.87781927e-02   2.35998593e-02   4.05571088e-01
    21225  1.71225000e+02  1.00000000e-03   2.85956870e-02   2.36632121e-02   4.04055719e-01
    21250  1.71250000e+02  1.00000000e-03   2.84021636e-02   2.37238151e-02   4.02414928e-01
    21275  1.71275000e+02  1.00000000e-03   2.81987500e-02   2.37813062e-02   4.00657246e-01
    21300  1.71300000e+02  1.00000000e-03   2.79866842e-02   2.38353595e-02   3.98791380e-01
    21325  1.71325000e+02  1.00000000e-03   2.77672230e-02   2.38856728e-02   3.96826089e-01
    21350  1.71350000e+02  1.00000000e-03   2.75415301e-02   2.39319531e-02   3.94770127e-01
    21375  1.71375000e+02  1.00000000e-03   2.73105531e-02   2.39739020e-02   3.92632079e-01
    21400  1.71400000e+02  1.00000000e-03   2.70750269e-02   2.40112047e-02   3.90420731e-01
    21425  1.71425000e+02  1.00000000e-03   2.68355437e-02   2.40435331e-02   3.88145497e-01
    21450  1.71450000e+02  1.00000000e-03   2.65927124e-02   2.40705597e-02   3.85817057e-01
    21475  1.71475000e+02  1.00000000e-03   2.63473147e-02   2.40919837e-02   3.83447748e-01
    21500  1.71500000e+02  1.00000000e-03   2.61004674e-02   2.41075612e-02   3.81051896e-01
    21525  1.71525000e+02  1.00000000e-03   2.58537138e-02   2.41171304e-02   3.78645829e-01
    21550  1.71550000e+02  1.00000000e-03   2.56090005e-02   2.41206314e-02   3.76247511e-01
    21575  1.71575000e+02  1.00000000e-03   2.53685633e-02   2.41181036e-02   3.73875953e-01
    21600  1.71600000e+02  1.00000000e-03   2.51347463e-02   2.41096822e-02   3.71550520e-01
    21625  1.71625000e+02  1.00000000e-03   2.49098107e-02   2.40955720e-02   3.69290200e-01
    21650  1.71650000e+02  1.00000000e-03   2.46958033e-02   2.40760266e-02   3.67113067e-01
    21675  1.71675000e+02  1.00000000e-03   2.44945015e-02   2.40513147e-02   3.65035918e-01
    21700  1.71700000e+02  1.00000000e-03   2.43074430e-02   2.40216941e-02   3.63074183e-01
    21725  1.71725000e+02  1.00000000e-03   2.41360068e-02   2.39874064e-02   3.61242021e-01
    21750  1.71750000e+02  1.00000000e-03   2.39814635e-02   2.39486741e-02   3.59552309e-01
    21775  1.71775000e+02  1.00000000e-03   2.38450187e-02   2.39057203e-02   3.58016792e-01
    21800  1.71800000e+02  1.00000000e-03   2.37277847e-02   2.38587794e-02   3.56646069e-01
    21825  1.71825000e+02  1.00000000e-03   2.36307420e-02   2.38081047e-02   3.55449606e-01
    21850  1.71850000e+02  1.00000000e-03   2.35547526e-02   2.37539788e-02   3.54435899e-01
    21875  1.71875000e+02  1.00000000e-03   2.35005417e-02   2.36967029e-02   3.53612306e-01
    21900  1.71900000e+02  1.00000000e-03   2.34687623e-02   2.36366027e-02   3.52985149e-01
    21925  1.71925000e+02  1.00000000e-03   2.34599532e-02   2.35740161e-02   3.52559405e-01
    21950  1.71950000e+02  1.00000000e-03   2.34745049e-02   2.35092978e-02   3.52338641e-01
    21975  1.71975000e+02  1.00000000e-03   2.35125248e-02   2.34428031e-02   3.52324696e-01
    22000  1.72000000e+02  1.00000000e-03   2.35737626e-02   2.33748843e-02   3.52517686e-01
    22025  1.72025000e+02  1.00000000e-03   2.36575876e-02   2.33059007e-02   3.52916167e-01
    22050  1.72050000e+02  1.00000000e-03   2.37630635e-02   2.32362285e-02   3.53517435e-01
    22075  1.72075000e+02  1.00000000e-03   2.38890759e-02   2.31662842e-02   3.54317874e-01
    22100  1.72100000e+02  1.00000000e-03   2.40344637e-02   2.30965305e-02   3.55313082e-01
    22125  1.72125000e+02  1.00000000e-03   2.41981510e-02   2.30274805e-02   3.56497958e-01
    22150  1.72150000e+02  1.00000000e-03   2.43791200e-02   2.29596681e-02   3.57866137e-01
    22175  1.72175000e+02  1.00000000e-03   2.45763216e-02   2.28936221e-02   3.59409494e-01
    22200  1.72200000e+02  1.00000000e-03   2.47885113e-02   2.28298295e-02   3.61117624e-01
    22225  1.72225000e+02  1.00000000e-03   2.50141530e-02   2.27687218e-02   3.62977866e-01
    22250  1.72250000e+02  1.00000000e-03   2.52514355e-02   2.27106806e-02   3.64975815e-01
    22275  1.72275000e+02  1.00000000e-03   2.54983929e-02   2.26560583e-02   3.67096095e-01
    22300  1.72300000e+02  1.00000000e-03   2.57530267e-02   2.26051988e-02   3.69322853e-01
    22325  1.72325000e+02  1.00000000e-03   2.60134135e-02   2.25584428e-02   3.71640075e-01
    22350  1.72350000e+02  1.00000000e-03   2.62777649e-02   2.25161220e-02   3.74031670e-01
    22375  1.72375000e+02  1.00000000e-03   2.65444419e-02   2.24785297e-02   3.76481616e-01
    22400  1.72400000e+02  1.00000000e-03   2.68117640e-02   2.24459316e-02   3.78972966e-01
    22425  1.72425000e+02  1.00000000e-03   2.70779638e-02   2.24185571e-02   3.81487979e-01
    22450  1.72450000e+02  1.00000000e-03   2.73411378e-02   2.23966077e-02   3.84008208e-01
    22475  1.72475000e+02  1.00000000e-03   2.75993093e-02   2.23802594e-02   3.86515104e-01
    22500  1.72500000e+02  1.00000000e-03   2.78505270e-02   2.23696852e-02   3.88990572e-01
    22525  1.72525000e+02  1.00000000e-03   2.80929543e-02   2.23650677e-02   3.91417296e-01
    22550  1.72550000e+02  1.00000000e-03   2.83248913e-02   2.23665827e-02   3.93778693e-01
    22575  1.72575000e+02  1.00000000e-03   2.85447358e-02   2.23743552e-02   3.96058584e-01
    22600  1.72600000e+02  1.00000000e-03   2.87509379e-02   2.23884128e-02   3.98240943e-01
    22625  1.72625000e+02  1.00000000e-03   2.89420034e-02   2.24086684e-02   4.00309988e-01
    22650  1.72650000e+02  1.00000000e-03   2.91165509e-02   2.24349397e-02   4.02250599e-01
    22675  1.72675000e+02  1.00000000e-03   2.92733863e-02   2.24669872e-02   4.04048846e-01
    22700  1.72700000e+02  1.00000000e-03   2.94115471e-02   2.25045481e-02   4.05692397e-01
    22725  1.72725000e+02  1.00000000e-03   2.95303008e-02   2.25473487e-02   4.07170699e-01
    22750  1.72750000e+02  1.00000000e-03   2.96291169e-02   2.25951024e-02   4.08474967e-01
    22775  1.72775000e+02  1.00000000e-03   2.97076392e-02   2.26474917e-02   4.09598089e-01
    22800  1.72800000e+02  1.00000000e-03   2.97656630e-02   2.27041467e-02   4.10534452e-01
    22825  1.72825000e+02  1.00000000e-03   2.98032468e-02   2.27646010e-02   4.11280634e-01
    22850  1.72850000e+02  1.00000000e-03   2.98203821e-02   2.28282903e-02   4.11833445e-01
    22875  1.72875000e+02  1.00000000e-03   2.98172395e-02   2.28946066e-02   4.12191374e-01
    22900  1.72900000e+02  1.00000000e-03   2.97941326e-02   2.29628914e-02   4.12354625e-01
    22925  1.72925000e+02  1.00000000e-03   2.97514908e-02   2.30325711e-02   4.12324798e-01
    22950  1.72950000e+02  1.00000000e-03   2.96900024e-02   2.31031454e-02   4.12105854e-01
    22975  1.72975000e+02  1.00000000e-03   2.96103597e-02   2.31742283e-02   4.11702255e-01
    23000  1.73000000e+02  1.00000000e-03   2.95136095e-02   2.32454318e-02   4.11121087e-01
    23025  1.73025000e+02  1.00000000e-03   2.94007465e-02   2.33164005e-02   4.10369480e-01
    23050  1.73050000e+02  1.00000000e-03   2.92727484e-02   2.33867609e-02   4.09454917e-01
    23075  1.73075000e+02  1.00000000e-03   2.91304776e-02   2.34561052e-02   4.08384672e-01
    23100  1.73100000e+02  1.00000000e-03   2.89746515e-02   2.35240156e-02   4.07165534e-01
    23125  1.73125000e+02  1.00000000e-03   2.88059871e-02   2.35900607e-02   4.05804579e-01
    23150  1.73150000e+02  1.00000000e-03   2.86252396e-02   2.36538185e-02   4.04309078e-01
    23175  1.73175000e+02  1.00000000e-03   2.84333172e-02   2.37148847e-02   4.02686880e-01
    23200  1.73200000e+02  1.00000000e-03   2.82313197e-02   2.37728922e-02   4.00946437e-01
    23225  1.73225000e+02  1.00000000e-03   2.80204745e-02   2.38275086e-02   3.99096451e-01
    23250  1.73250000e+02  1.00000000e-03   2.78020405e-02   2.38784296e-02   3.97145669e-01
    23275  1.73275000e+02  1.00000000e-03   2.75772066e-02   2.39253617e-02   3.95102873e-01
    23300  1.73300000e+02  1.00000000e-03   2.73469542e-02   2.39680079e-02   3.92976652e-01
    23325  1.73325000e+02  1.00000000e-03   2.71120489e-02   2.40060556e-02   3.90775741e-01
    23350  1.73350000e+02  1.00000000e-03   2.68730955e-02   2.40391790e-02   3.88509414e-01
    23375  1.73375000e+02  1.00000000e-03   2.66306901e-02   2.40670481e-02   3.86188131e-01
    23400  1.73400000e+02  1.00000000e-03   2.63855772e-02   2.40893563e-02   3.83823951e-01
    23425  1.73425000e+02  1.00000000e-03   2.61388133e-02   2.41058483e-02   3.81430881e-01
    23450  1.73450000e+02  1.00000000e-03   2.58918752e-02   2.41163487e-02   3.79024959e-01
    23475  1.73475000e+02  1.00000000e-03   2.56466535e-02   2.41207810e-02   3.76623935e-01
    23500  1.73500000e+02  1.00000000e-03   2.54053519e-02   2.41191698e-02   3.74246709e-01
    23525  1.73525000e+02  1.00000000e-03   2.51703107e-02   2.41116361e-02   3.71912639e-01
    23550  1.73550000e+02  1.00000000e-03   2.49438160e-02   2.40983760e-02   3.69640815e-01
    23575  1.73575000e+02  1.00000000e-03   2.47279562e-02   2.40796380e-02   3.67449496e-01
    23600  1.73600000e+02  1.00000000e-03   2.45245492e-02   2.40556902e-02   3.65355679e-01
    23625  1.73625000e+02  1.00000000e-03   2.43351686e-02   2.40267940e-02   3.63375018e-01
    23650  1.73650000e+02  1.00000000e-03   2.41612117e-02   2.39931935e-02   3.61521859e-01
    23675  1.73675000e+02  1.00000000e-03   2.40039646e-02   2.39551137e-02   3.59809273e-01
    23700  1.73700000e+02  1.00000000e-03   2.38646424e-02   2.39127769e-02   3.58249180e-01
    23725  1.73725000e+02  1.00000000e-03   2.37443747e-02   2.38664149e-02   3.56852353e-01
    23750  1.73750000e+02  1.00000000e-03   2.36441622e-02   2.38162776e-02   3.55628421e-01
    23775  1.73775000e+02  1.00000000e-03   2.35648882e-02   2.37626447e-02   3.54586050e-01
    23800  1.73800000e+02  1.00000000e-03   2.35072917e-02   2.37058129e-02   3.53732749e-01
    23825  1.73825000e+02  1.00000000e-03   2.34720382e-02   2.36461057e-02   3.53075023e-01
    23850  1.73850000e+02  1.00000000e-03   2.34596855e-02   2.35838586e-02   3.52618062e-01
    23875  1.73875000e+02  1.00000000e-03   2.34706542e-02   2.35194259e-02   3.52365676e-01
    23900  1.73900000e+02  1.00000000e-03   2.35050991e-02   2.34531617e-02   3.52319960e-01
    23925  1.73925000e+02  1.00000000e-03   2.35628325e-02   2.33854205e-02   3.52481315e-01
    23950  1.73950000e+02  1.00000000e-03   2.36432739e-02   2.33165586e-02   3.52848492e-01
    23975  1.73975000e+02  1.00000000e-03   2.37455302e-02   2.32469490e-02   3.53418976e-01
    24000  1.74000000e+02  1.00000000e-03   2.38685032e-02   2.31770014e-02   3.54189267e-01
    24025  1.74025000e+02  1.00000000e-03   2.40110286e-02   2.31071702e-02   3.55155072e-01
    24050  1.74050000e+02  1.00000000e-03   2.41720149e-02   2.30379628e-02   3.56311422e-01
    24075  1.74075000e+02  1.00000000e-03   2.43504395e-02   2.29699115e-02   3.57652181e-01
    24100  1.74100000e+02  1.00000000e-03   2.45452673e-02   2.29035486e-02   3.59169532e-01
    24125  1.74125000e+02  1.00000000e-03   2.47552927e-02   2.28393690e-02   3.60853432e-01
    24150  1.74150000e+02  1.00000000e-03   2.49790266e-02   2.27778131e-02   3.62691545e-01
    24175  1.74175000e+02  1.00000000e-03   2.52146924e-02   2.27192690e-02   3.64669676e-01
    24200  1.74200000e+02  1.00000000e-03   2.54603406e-02   2.26640918e-02   3.66772563e-01
    24225  1.74225000e+02  1.00000000e-03   2.57139680e-02   2.26126263e-02   3.68984387e-01
    24250  1.74250000e+02  1.00000000e-03   2.59736359e-02   2.25652135e-02   3.71289161e-01
    24275  1.74275000e+02  1.00000000e-03   2.62375272e-02   2.25221884e-02   3.73670759e-01
    24300  1.74300000e+02  1.00000000e-03   2.65039954e-02   2.24838493e-02   3.76113232e-01
    24325  1.74325000e+02  1.00000000e-03   2.67713668e-02   2.24504679e-02   3.78599757e-01
    24350  1.74350000e+02  1.00000000e-03   2.70378945e-02   2.24222775e-02   3.81112723e-01
    24375  1.74375000e+02  1.00000000e-03   2.73016929e-02   2.23994846e-02   3.83633752e-01
    24400  1.74400000e+02  1.00000000e-03   2.75607907e-02   2.23822675e-02   3.86144267e-01
    24425  1.74425000e+02  1.00000000e-03   2.78132258e-02   2.23707983e-02   3.88626071e-01
    24450  1.74450000e+02  1.00000000e-03   2.80571405e-02   2.23652586e-02   3.91061716e-01
    24475  1.74475000e+02  1.00000000e-03   2.82908158e-02   2.23658275e-02   3.93434523e-01
    24500  1.74500000e+02  1.00000000e-03   2.85126379e-02   2.23726411e-02   3.95728268e-01
    24525  1.74525000e+02  1.00000000e-03   2.87210503e-02   2.23857441e-02   3.97926905e-01
    24550  1.74550000e+02  1.00000000e-03   2.89145473e-02   2.24050665e-02   4.00014588e-01
    24575  1.74575000e+02  1.00000000e-03   2.90917251e-02   2.24304382e-02   4.01976059e-01
    24600  1.74600000e+02  1.00000000e-03   2.92513565e-02   2.24616257e-02   4.03797171e-01
    24625  1.74625000e+02  1.00000000e-03   2.93924428e-02   2.24983684e-02   4.05465332e-01
    24650  1.74650000e+02  1.00000000e-03   2.95142177e-02   2.25403942e-02   4.06969708e-01
    24675  1.74675000e+02  1.00000000e-03   2.96161225e-02   2.25874189e-02   4.08301254e-01
    24700  1.74700000e+02  1.00000000e-03   2.96977753e-02   2.26391314e-02   4.09452604e-01
    24725  1.74725000e+02  1.00000000e-03   2.97589509e-02   2.26951711e-02   4.10417935e-01
    24750  1.74750000e+02  1.00000000e-03   2.97996581e-02   2.27550919e-02   4.11193424e-01
    24775  1.74775000e+02  1.00000000e-03   2.98199271e-02   2.28183338e-02   4.11776036e-01
    24800  1.74800000e+02  1.00000000e-03   2.98198651e-02   2.28843045e-02   4.12163754e-01
    24825  1.74825000e+02  1.00000000e-03   2.97997903e-02   2.29523384e-02   4.12356704e-01
    24850  1.74850000e+02  1.00000000e-03   2.97600931e-02   2.30218508e-02   4.12356134e-01
    24875  1.74875000e+02  1.00000000e-03   2.97014502e-02   2.30923261e-02   4.12165818e-01
    24900  1.74900000e+02  1.00000000e-03   2.96245105e-02   2.31633699e-02   4.11789906e-01
    24925  1.74925000e+02  1.00000000e-03   2.95303080e-02   2.32345885e-02   4.11235336e-01
    24950  1.74950000e+02  1.00000000e-03   2.94198378e-02   2.33056271e-02   4.10509185e-01
    24975  1.74975000e+02  1.00000000e-03   2.92940832e-02   2.33761165e-02   4.09618896e-01
    25000  1.75000000e+02  9.99999881e-04   2.91539364e-02   2.34456527e-02   4.08571861e-01
